

 ============== Excution Marking =================
 	Sun Sep 10 01:45:20 2017
 =================================================


MKL Double 
	 h 	 gm 	 fe 	 nb_cntr_point 	 eps 	 max_refin_loop 	 guess_M0 	 cnvgce_trace_Resdl 	 intgr_Gauss_Trapez_Zolot 	 cntr_ratio 	 Run_Q_M0 	 M0 	 Emin 	 Emax 	 Scaling_Emin 	 Found M 	 Found Emin 	 Found Emax 	 PSNR0 	 PSNR 	 MSE0 	 MSE	 Solver time  	 Totale time 	 EigenAnalysis % 	 #Iterations 	 Nh 	  info 
	0.310000	0.500000	1.000000	 N/A 	 N/A 	 N/A 	 N/A 	 N/A 	 N/A 	 N/A 	 N/A 	 N/A 	 N/A 	 N/A 	 N/A 	 406	-1.182719e-03	-7.758603e-01	inf	47.737305	0.000000	0.000017	0.204513	0.337021	60.682570	N/A	406	0
Feast Double
	 h 	 gm 	 fe 	 nb_cntr_point 	 eps 	 max_refin_loop 	 guess_M0 	 cnvgce_trace_Resdl 	 intgr_Gauss_Trapez_Zolot 	 cntr_ratio 	 Run_Q_M0 	 M0 	 Emin 	 Emax 	 Scaling_Emin 	 Found M 	 Found Emin 	 Found Emax 	 PSNR0 	 PSNR 	 MSE0 	 MSE	 Solver time  	 Totale time 	 EigenAnalysis % 	 #Iterations 	 Nh 	  info
	0.310000	0.500000	1.000000	1	6	20	0	1	0	10	0	1024	-0.800000	0.000000	1	406	-1.182719e-03	-7.758603e-01	inf	47.737305	0.000000	0.000017	16.515982	16.608965	99.440165	22	406	2
	0.310000	0.500000	1.000000	9	6	20	0	1	0	10	0	1024	-0.800000	0.000000	1	406	-1.182719e-03	-7.758603e-01	inf	47.737305	0.000000	0.000017	3.535089	3.678364	96.104925	3	406	0
	0.310000	0.500000	1.000000	17	6	20	0	1	0	10	0	1024	-0.800000	0.000000	1	406	-1.182719e-03	-7.758603e-01	inf	47.737305	0.000000	0.000017	5.949448	6.083510	97.796304	3	406	0
	0.310000	0.500000	1.000000	1	6	20	0	1	0	50	0	1024	-0.800000	0.000000	1	406	-1.182717e-03	-7.758603e-01	inf	47.737305	0.000000	0.000017	18.517731	18.627952	99.408302	22	406	2
	0.310000	0.500000	1.000000	9	6	20	0	1	0	50	0	1024	-0.800000	0.000000	1	406	-1.182719e-03	-7.758603e-01	inf	47.737305	0.000000	0.000017	3.721665	3.864356	96.307512	3	406	0
	0.310000	0.500000	1.000000	17	6	20	0	1	0	50	0	1024	-0.800000	0.000000	1	406	-1.182719e-03	-7.758603e-01	inf	47.737309	0.000000	0.000017	2.735717	2.879291	95.013564	2	406	0
	0.310000	0.500000	1.000000	1	6	20	0	1	0	90	0	1024	-0.800000	0.000000	1	406	-1.182516e-03	-7.758602e-01	inf	47.737228	0.000000	0.000017	23.482320	23.622220	99.407761	22	406	2
	0.310000	0.500000	1.000000	9	6	20	0	1	0	90	0	1024	-0.800000	0.000000	1	406	-1.182719e-03	-7.758603e-01	inf	47.737312	0.000000	0.000017	5.926842	6.079044	97.496286	3	406	0
	0.310000	0.500000	1.000000	17	6	20	0	1	0	90	0	1024	-0.800000	0.000000	1	406	-1.182719e-03	-7.758603e-01	inf	47.737316	0.000000	0.000017	4.367679	4.540740	96.188702	2	406	0
	0.310000	0.500000	1.000000	1	6	20	0	1	1	10	0	1024	-0.800000	0.000000	1	406	-1.182719e-03	-7.758603e-01	inf	47.737305	0.000000	0.000017	19.163185	19.300211	99.290028	22	406	2
	0.310000	0.500000	1.000000	9	6	20	0	1	1	10	0	1024	-0.800000	0.000000	1	406	-1.182719e-03	-7.758603e-01	inf	47.737305	0.000000	0.000017	2.668086	2.770244	96.312308	3	406	0
	0.310000	0.500000	1.000000	17	6	20	0	1	1	10	0	1024	-0.800000	0.000000	1	406	-1.182719e-03	-7.758603e-01	inf	47.737305	0.000000	0.000017	3.417431	3.553056	96.182867	3	406	0
	0.310000	0.500000	1.000000	1	6	20	0	1	1	50	0	1024	-0.800000	0.000000	1	406	-1.182717e-03	-7.758603e-01	inf	47.737305	0.000000	0.000017	17.584306	17.725944	99.200956	22	406	2
	0.310000	0.500000	1.000000	9	6	20	0	1	1	50	0	1024	-0.800000	0.000000	1	406	-1.182719e-03	-7.758603e-01	inf	47.737305	0.000000	0.000017	3.926993	4.068701	96.517116	4	406	0
	0.310000	0.500000	1.000000	17	6	20	0	1	1	50	0	1024	-0.800000	0.000000	1	406	-1.182719e-03	-7.758603e-01	inf	47.737305	0.000000	0.000017	3.517895	3.659805	96.122469	3	406	0
	0.310000	0.500000	1.000000	1	6	20	0	1	1	90	0	1024	-0.800000	0.000000	1	406	-1.182516e-03	-7.758602e-01	inf	47.737228	0.000000	0.000017	16.292122	16.434098	99.136088	22	406	2
	0.310000	0.500000	1.000000	9	6	20	0	1	1	90	0	1024	-0.800000	0.000000	1	406	-1.182719e-03	-7.758603e-01	inf	47.737309	0.000000	0.000017	10.086751	10.238796	98.515009	4	406	0
	0.310000	0.500000	1.000000	17	6	20	0	1	1	90	0	1024	-0.800000	0.000000	1	406	-1.182719e-03	-7.758603e-01	inf	47.737305	0.000000	0.000017	7.211402	7.391904	97.558113	3	406	0
	0.310000	0.500000	1.000000	1	6	20	0	1	2	10	0	1024	-0.800000	0.000000	1	406	-1.182708e-03	-7.758603e-01	inf	47.737320	0.000000	0.000017	21.731798	21.904377	99.212124	22	406	2
	0.310000	0.500000	1.000000	9	6	20	0	1	2	10	0	1024	-0.800000	0.000000	1	406	-1.182719e-03	-7.758603e-01	inf	47.737305	0.000000	0.000017	4.993180	5.130685	97.319947	5	406	0
	0.310000	0.500000	1.000000	17	6	20	0	1	2	10	0	1024	-0.800000	0.000000	1	406	-1.182719e-03	-7.758603e-01	inf	47.737305	0.000000	0.000017	3.494612	3.614889	96.672729	3	406	0
	0.310000	0.500000	1.000000	1	6	20	0	1	2	50	0	1024	-0.800000	0.000000	1	406	-1.182708e-03	-7.758603e-01	inf	47.737320	0.000000	0.000017	17.589528	17.731491	99.199374	22	406	2
	0.310000	0.500000	1.000000	9	6	20	0	1	2	50	0	1024	-0.800000	0.000000	1	406	-1.182719e-03	-7.758603e-01	inf	47.737305	0.000000	0.000017	4.996337	5.138215	97.238771	5	406	0
	0.310000	0.500000	1.000000	17	6	20	0	1	2	50	0	1024	-0.800000	0.000000	1	406	-1.182719e-03	-7.758603e-01	inf	47.737305	0.000000	0.000017	3.606114	3.738687	96.454019	3	406	0
	0.310000	0.500000	1.000000	1	6	20	0	1	2	90	0	1024	-0.800000	0.000000	1	406	-1.182708e-03	-7.758603e-01	inf	47.737320	0.000000	0.000017	17.899801	17.993350	99.480090	22	406	2
	0.310000	0.500000	1.000000	9	6	20	0	1	2	90	0	1024	-0.800000	0.000000	1	406	-1.182719e-03	-7.758603e-01	inf	47.737305	0.000000	0.000017	4.771685	4.864827	98.085399	5	406	0
	0.310000	0.500000	1.000000	17	6	20	0	1	2	90	0	1024	-0.800000	0.000000	1	406	-1.182719e-03	-7.758603e-01	inf	47.737305	0.000000	0.000017	3.259143	3.381787	96.373398	3	406	0
