

 ============== Excution Marking =================
 	Sun Sep 10 00:51:45 2017
 =================================================


MKL Double 
	 h 	 gm 	 fe 	 nb_cntr_point 	 eps 	 max_refin_loop 	 guess_M0 	 cnvgce_trace_Resdl 	 intgr_Gauss_Trapez_Zolot 	 cntr_ratio 	 Run_Q_M0 	 M0 	 Emin 	 Emax 	 Scaling_Emin 	 Found M 	 Found Emin 	 Found Emax 	 PSNR0 	 PSNR 	 MSE0 	 MSE	 Solver time  	 Totale time 	 EigenAnalysis % 	 #Iterations 	 Nh 	  info 
	0.310000	0.500000	1.000000	 N/A 	 N/A 	 N/A 	 N/A 	 N/A 	 N/A 	 N/A 	 N/A 	 N/A 	 N/A 	 N/A 	 N/A 	 406	-1.182719e-03	-7.758603e-01	inf	47.737305	0.000000	0.000017	0.214847	0.308415	69.661646	N/A	406	0
Feast Double
	 h 	 gm 	 fe 	 nb_cntr_point 	 eps 	 max_refin_loop 	 guess_M0 	 cnvgce_trace_Resdl 	 intgr_Gauss_Trapez_Zolot 	 cntr_ratio 	 Run_Q_M0 	 M0 	 Emin 	 Emax 	 Scaling_Emin 	 Found M 	 Found Emin 	 Found Emax 	 PSNR0 	 PSNR 	 MSE0 	 MSE	 Solver time  	 Totale time 	 EigenAnalysis % 	 #Iterations 	 Nh 	  info
	0.310000	0.500000	1.000000	1	6	20	0	1	0	10	0	1024	-0.912407	0.000000	1	406	-1.182718e-03	-7.758603e-01	inf	47.737305	0.000000	0.000017	16.152594	16.293839	99.133139	22	406	2
	0.310000	0.500000	1.000000	9	6	20	0	1	0	10	0	1024	-0.912407	0.000000	1	406	-1.182719e-03	-7.758603e-01	inf	47.737305	0.000000	0.000017	2.801626	2.942992	95.196513	3	406	0
	0.310000	0.500000	1.000000	17	6	20	0	1	0	10	0	1024	-0.912407	0.000000	1	406	-1.182719e-03	-7.758603e-01	inf	47.737305	0.000000	0.000017	3.597286	3.730694	96.424042	3	406	0
	0.310000	0.500000	1.000000	1	6	20	0	1	0	50	0	1024	-0.912407	0.000000	1	406	-1.182705e-03	-7.758603e-01	inf	47.737297	0.000000	0.000017	17.457624	17.553542	99.453568	22	406	2
	0.310000	0.500000	1.000000	9	6	20	0	1	0	50	0	1024	-0.912407	0.000000	1	406	-1.182719e-03	-7.758603e-01	inf	47.737305	0.000000	0.000017	2.797958	2.895566	96.629058	3	406	0
	0.310000	0.500000	1.000000	17	6	20	0	1	0	50	0	1024	-0.912407	0.000000	1	406	-1.182719e-03	-7.758603e-01	inf	47.737305	0.000000	0.000017	3.437448	3.530802	97.356012	3	406	0
	0.310000	0.500000	1.000000	1	6	20	0	1	0	90	0	1024	-0.912407	0.000000	1	406	-1.181778e-03	-7.758603e-01	inf	47.737164	0.000000	0.000017	29.087632	29.192575	99.640515	22	406	2
	0.310000	0.500000	1.000000	9	6	20	0	1	0	90	0	1024	-0.912407	0.000000	1	406	-1.182719e-03	-7.758603e-01	inf	47.737305	0.000000	0.000017	3.608684	3.838679	94.008486	3	406	0
	0.310000	0.500000	1.000000	17	6	20	0	1	0	90	0	1024	-0.912407	0.000000	1	406	-1.182719e-03	-7.758603e-01	inf	47.737305	0.000000	0.000017	3.481403	3.574282	97.401463	3	406	0
	0.310000	0.500000	1.000000	1	6	20	0	1	1	10	0	1024	-0.912407	0.000000	1	406	-1.182718e-03	-7.758603e-01	inf	47.737305	0.000000	0.000017	17.711349	17.797427	99.516346	22	406	2
	0.310000	0.500000	1.000000	9	6	20	0	1	1	10	0	1024	-0.912407	0.000000	1	406	-1.182719e-03	-7.758603e-01	inf	47.737305	0.000000	0.000017	3.165361	3.264840	96.953022	3	406	0
	0.310000	0.500000	1.000000	17	6	20	0	1	1	10	0	1024	-0.912407	0.000000	1	406	-1.182719e-03	-7.758603e-01	inf	47.737305	0.000000	0.000017	4.722087	4.870380	96.955211	3	406	0
	0.310000	0.500000	1.000000	1	6	20	0	1	1	50	0	1024	-0.912407	0.000000	1	406	-1.182705e-03	-7.758603e-01	inf	47.737297	0.000000	0.000017	16.458157	16.588080	99.216768	22	406	2
	0.310000	0.500000	1.000000	9	6	20	0	1	1	50	0	1024	-0.912407	0.000000	1	406	-1.182719e-03	-7.758603e-01	inf	47.737309	0.000000	0.000017	4.376674	4.467632	97.964070	4	406	0
	0.310000	0.500000	1.000000	17	6	20	0	1	1	50	0	1024	-0.912407	0.000000	1	406	-1.182719e-03	-7.758603e-01	inf	47.737305	0.000000	0.000017	5.020223	5.183415	96.851650	3	406	0
	0.310000	0.500000	1.000000	1	6	20	0	1	1	90	0	1024	-0.912407	0.000000	1	406	-1.181778e-03	-7.758603e-01	inf	47.737164	0.000000	0.000017	17.000109	17.094194	99.449609	22	406	2
	0.310000	0.500000	1.000000	9	6	20	0	1	1	90	0	1024	-0.912407	0.000000	1	406	-1.182719e-03	-7.758603e-01	inf	47.737305	0.000000	0.000017	5.299762	5.444592	97.339925	5	406	0
	0.310000	0.500000	1.000000	17	6	20	0	1	1	90	0	1024	-0.912407	0.000000	1	406	-1.182719e-03	-7.758603e-01	inf	47.737309	0.000000	0.000017	5.993783	6.134348	97.708556	3	406	0
	0.310000	0.500000	1.000000	1	6	20	0	1	2	10	0	1024	-0.912407	0.000000	1	406	-1.182715e-03	-7.758603e-01	inf	47.737312	0.000000	0.000017	16.213349	16.309344	99.411411	22	406	2
	0.310000	0.500000	1.000000	9	6	20	0	1	2	10	0	1024	-0.912407	0.000000	1	406	-1.182719e-03	-7.758603e-01	inf	47.737305	0.000000	0.000017	5.810230	5.946236	97.712740	5	406	0
	0.310000	0.500000	1.000000	17	6	20	0	1	2	10	0	1024	-0.912407	0.000000	1	406	-1.182719e-03	-7.758603e-01	inf	47.737305	0.000000	0.000017	5.252225	5.393523	97.380227	3	406	0
	0.310000	0.500000	1.000000	1	6	20	0	1	2	50	0	1024	-0.912407	0.000000	1	406	-1.182715e-03	-7.758603e-01	inf	47.737312	0.000000	0.000017	18.227952	18.369221	99.230947	22	406	2
	0.310000	0.500000	1.000000	9	6	20	0	1	2	50	0	1024	-0.912407	0.000000	1	406	-1.182719e-03	-7.758603e-01	inf	47.737305	0.000000	0.000017	5.651064	5.793452	97.542258	5	406	0
	0.310000	0.500000	1.000000	17	6	20	0	1	2	50	0	1024	-0.912407	0.000000	1	406	-1.182719e-03	-7.758603e-01	inf	47.737305	0.000000	0.000017	5.101945	5.251997	97.142957	3	406	0
	0.310000	0.500000	1.000000	1	6	20	0	1	2	90	0	1024	-0.912407	0.000000	1	406	-1.182715e-03	-7.758603e-01	inf	47.737312	0.000000	0.000017	16.308080	16.449201	99.142080	22	406	2
	0.310000	0.500000	1.000000	9	6	20	0	1	2	90	0	1024	-0.912407	0.000000	1	406	-1.182719e-03	-7.758603e-01	inf	47.737305	0.000000	0.000017	5.976891	6.096673	98.035290	5	406	0
	0.310000	0.500000	1.000000	17	6	20	0	1	2	90	0	1024	-0.912407	0.000000	1	406	-1.182719e-03	-7.758603e-01	inf	47.737305	0.000000	0.000017	4.903785	5.044811	97.204538	3	406	0
