MKL Double 
	 h 	 gm 	 fe 	 nb_cntr_point 	 eps 	 max_refin_loop 	 guess_M0 	 cnvgce_trace_Resdl 	 intgr_Gauss_Trapez_Zolot 	 cntr_ratio 	 Run_Q_M0 	 M0 	 Emin 	 Emax 	 Scaling_Emin 	 Found Emin 	 Found Emax 	 PSNR0 	 PSNR 	 MSE0 	 MSE	 Solver time  	 Totale time 	 EigenAnalysis % 	 #Iterations 	 Nh 	  info 
	0.310000	0.500000	1.000000	 N/A 	 N/A 	 N/A 	 N/A 	 N/A 	 N/A 	 N/A 	 N/A 	 N/A 	 N/A 	 N/A 	 N/A 	 -1.182719e-03	-7.758603e-01	inf	47.737305	0.000000	0.000017	0.294650	0.367958	80.077028	N/A	406	0
Feast Double
	 h 	 gm 	 fe 	 nb_cntr_point 	 eps 	 max_refin_loop 	 guess_M0 	 cnvgce_trace_Resdl 	 intgr_Gauss_Trapez_Zolot 	 cntr_ratio 	 Run_Q_M0 	 M0 	 Emin 	 Emax 	 Scaling_Emin 	 Found Emin 	 Found Emax 	 PSNR0 	 PSNR 	 MSE0 	 MSE	 Solver time  	 Totale time 	 EigenAnalysis % 	 #Iterations 	 Nh 	  info
	0.310000	0.500000	1.000000	1	6	20	0	1	0	10	0	300	-0.304136	0.000000	1	MKL Double 
	 h 	 gm 	 fe 	 nb_cntr_point 	 eps 	 max_refin_loop 	 guess_M0 	 cnvgce_trace_Resdl 	 intgr_Gauss_Trapez_Zolot 	 cntr_ratio 	 Run_Q_M0 	 M0 	 Emin 	 Emax 	 Scaling_Emin 	 Found Emin 	 Found Emax 	 PSNR0 	 PSNR 	 MSE0 	 MSE	 Solver time  	 Totale time 	 EigenAnalysis % 	 #Iterations 	 Nh 	  info 
	0.310000	0.500000	1.000000	 N/A 	 N/A 	 N/A 	 N/A 	 N/A 	 N/A 	 N/A 	 N/A 	 N/A 	 N/A 	 N/A 	 N/A 	 -1.182719e-03	-7.758603e-01	inf	47.737305	0.000000	0.000017	0.292729	0.371898	78.712225	N/A	406	0
Feast Double
	 h 	 gm 	 fe 	 nb_cntr_point 	 eps 	 max_refin_loop 	 guess_M0 	 cnvgce_trace_Resdl 	 intgr_Gauss_Trapez_Zolot 	 cntr_ratio 	 Run_Q_M0 	 M0 	 Emin 	 Emax 	 Scaling_Emin 	 Found Emin 	 Found Emax 	 PSNR0 	 PSNR 	 MSE0 	 MSE	 Solver time  	 Totale time 	 EigenAnalysis % 	 #Iterations 	 Nh 	  info
	0.310000	0.500000	1.000000	1	6	20	0	1	0	10	0	300	-0.304136	0.000000	1	-1.182719e-03	-3.028505e-01	inf	11.568505	0.000000	0.069687	10.794139	10.860583	99.388210	22	239	2
	0.310000	0.500000	1.000000	1	6	20	0	1	0	10	0	400	-0.304136	0.000000	1	-1.182719e-03	-3.028505e-01	inf	11.568508	0.000000	0.069687	10.141177	10.208170	99.343732	16	239	0
	0.310000	0.500000	1.000000	1	6	20	0	1	0	10	0	500	-0.304136	0.000000	1	-1.182719e-03	-3.028505e-01	inf	11.568508	0.000000	0.069687	9.450508	9.520678	99.262971	12	239	0
	0.310000	0.500000	1.000000	1	6	20	0	1	0	10	0	300	-0.912407	0.000000	3	-1.205611e-01	-7.566305e-01	inf	25.800920	0.000000	0.002630	9.876332	9.948714	99.272449	22	299	2
	0.310000	0.500000	1.000000	1	6	20	0	1	0	10	0	400	-0.912407	0.000000	3	-7.174451e-04	-7.758603e-01	inf	48.004200	0.000000	0.000016	12.528938	12.604300	99.402093	20	400	3
	0.310000	0.500000	1.000000	1	6	20	0	1	0	10	0	500	-0.912407	0.000000	3	-1.182717e-03	-7.758603e-01	inf	47.737293	0.000000	0.000017	18.967632	19.039488	99.622595	22	406	2
	0.310000	0.500000	1.000000	1	6	20	0	1	0	10	0	300	-1.520679	0.000000	5	-6.046139e-02	-7.758603e-01	inf	25.009527	0.000000	0.003155	2.088237	2.156962	96.813801	5	300	3
	0.310000	0.500000	1.000000	1	6	20	0	1	0	10	0	400	-1.520679	0.000000	5	-4.015170e-03	-7.758603e-01	inf	47.802231	0.000000	0.000017	14.602921	14.676326	99.499841	22	398	2
	0.310000	0.500000	1.000000	1	6	20	0	1	0	10	0	500	-1.520679	0.000000	5	-1.181508e-03	-7.758603e-01	inf	47.736862	0.000000	0.000017	18.238994	18.315000	99.585006	22	406	2
	0.310000	0.500000	1.000000	11	6	20	0	1	0	10	0	300	-0.304136	0.000000	1	-1.182719e-03	-3.028505e-01	inf	11.568508	0.000000	0.069687	5.665040	5.747742	98.561141	4	239	0
	0.310000	0.500000	1.000000	11	6	20	0	1	0	10	0	400	-0.304136	0.000000	1	-1.182719e-03	-3.028505e-01	inf	11.568508	0.000000	0.069687	6.487441	6.554594	98.975482	4	239	0
	0.310000	0.500000	1.000000	11	6	20	0	1	0	10	0	500	-0.304136	0.000000	1	-1.182719e-03	-3.028505e-01	inf	11.568508	0.000000	0.069687	6.439942	6.513601	98.869152	4	239	0
	0.310000	0.500000	1.000000	11	6	20	0	1	0	10	0	300	-0.912407	0.000000	3	-1.183688e-03	-7.758603e-01	inf	17.289116	0.000000	0.018668	38.948718	39.016345	99.826670	22	277	2
	0.310000	0.500000	1.000000	11	6	20	0	1	0	10	0	400	-0.912407	0.000000	3	-1.182719e-03	-7.758603e-01	inf	34.677071	0.000000	0.000341	48.904228	48.976517	99.852401	22	392	2
	0.310000	0.500000	1.000000	11	6	20	0	1	0	10	0	500	-0.912407	0.000000	3	-1.182719e-03	-7.758603e-01	inf	47.737305	0.000000	0.000017	5.664324	5.737192	98.729899	3	406	0
	0.310000	0.500000	1.000000	11	6	20	0	1	0	10	0	300	-1.520679	0.000000	5	-2.489259e-03	-7.758603e-01	inf	16.817598	0.000000	0.020808	38.893004	38.960782	99.826036	22	280	2
	0.310000	0.500000	1.000000	11	6	20	0	1	0	10	0	400	-1.520679	0.000000	5	-1.183026e-03	-7.758603e-01	inf	36.502609	0.000000	0.000224	50.634421	50.706105	99.858629	22	396	2
	0.310000	0.500000	1.000000	11	6	20	0	1	0	10	0	500	-1.520679	0.000000	5	-1.182719e-03	-7.758603e-01	inf	47.737305	0.000000	0.000017	5.645775	5.718492	98.728385	3	406	0
	0.310000	0.500000	1.000000	1	6	20	0	1	0	50	0	300	-0.304136	0.000000	1	-1.182711e-03	-3.028506e-01	inf	11.568511	0.000000	0.069687	9.998256	10.078756	99.201289	22	239	2
	0.310000	0.500000	1.000000	1	6	20	0	1	0	50	0	400	-0.304136	0.000000	1	-1.182719e-03	-3.028505e-01	inf	11.568508	0.000000	0.069687	13.315135	13.381574	99.503503	21	239	0
	0.310000	0.500000	1.000000	1	6	20	0	1	0	50	0	500	-0.304136	0.000000	1	-1.182719e-03	-3.028505e-01	inf	11.568508	0.000000	0.069687	12.156613	12.222838	99.458186	15	239	0
	0.310000	0.500000	1.000000	1	6	20	0	1	0	50	0	300	-0.912407	0.000000	3	-1.189642e-01	-7.503039e-01	inf	25.780285	0.000000	0.002642	9.738939	9.807317	99.302786	22	299	2
	0.310000	0.500000	1.000000	1	6	20	0	1	0	50	0	400	-0.912407	0.000000	3	-2.563245e-03	-7.758603e-01	inf	47.968273	0.000000	0.000016	17.660145	17.732131	99.594037	22	399	2
	0.310000	0.500000	1.000000	1	6	20	0	1	0	50	0	500	-0.912407	0.000000	3	-1.182691e-03	-7.758603e-01	inf	47.737232	0.000000	0.000017	18.115685	18.187908	99.602907	22	406	2
	0.310000	0.500000	1.000000	1	6	20	0	1	0	50	0	300	-1.520679	0.000000	5	-3.929655e-02	-7.758451e-01	inf	24.532633	0.000000	0.003522	2.119082	2.187643	96.865984	5	300	3
	0.310000	0.500000	1.000000	1	6	20	0	1	0	50	0	400	-1.520679	0.000000	5	-2.985792e-03	-7.758603e-01	inf	47.447636	0.000000	0.000018	18.678794	18.750633	99.616871	22	397	2
	0.310000	0.500000	1.000000	1	6	20	0	1	0	50	0	500	-1.520679	0.000000	5	-1.174542e-03	-7.758603e-01	inf	47.736534	0.000000	0.000017	18.370440	18.442590	99.608786	22	406	2
	0.310000	0.500000	1.000000	11	6	20	0	1	0	50	0	300	-0.304136	0.000000	1	-1.182719e-03	-3.028505e-01	inf	11.568508	0.000000	0.069687	5.563202	5.629612	98.820352	4	239	0
	0.310000	0.500000	1.000000	11	6	20	0	1	0	50	0	400	-0.304136	0.000000	1	-1.182719e-03	-3.028505e-01	inf	11.568508	0.000000	0.069687	6.950859	7.017046	99.056770	4	239	0
	0.310000	0.500000	1.000000	11	6	20	0	1	0	50	0	500	-0.304136	0.000000	1	-1.182719e-03	-3.028505e-01	inf	11.568508	0.000000	0.069687	7.340787	7.407170	99.103806	4	239	0
	0.310000	0.500000	1.000000	11	6	20	0	1	0	50	0	300	-0.912407	0.000000	3	-2.784711e-02	-6.915334e-01	inf	20.672987	0.000000	0.008564	5.653381	5.721997	98.800840	4	300	3
	0.310000	0.500000	1.000000	11	6	20	0	1	0	50	0	400	-0.912407	0.000000	3	-4.859414e-03	-7.647975e-01	inf	43.065025	0.000000	0.000049	7.184280	7.257424	98.992150	4	400	3
	0.310000	0.500000	1.000000	11	6	20	0	1	0	50	0	500	-0.912407	0.000000	3	-1.182719e-03	-7.758603e-01	inf	47.737305	0.000000	0.000017	5.510132	5.587570	98.614100	3	406	0
	0.310000	0.500000	1.000000	11	6	20	0	1	0	50	0	300	-1.520679	0.000000	5	-3.021537e-02	-6.925703e-01	inf	20.714523	0.000000	0.008483	5.665467	5.733919	98.806194	4	300	3
	0.310000	0.500000	1.000000	11	6	20	0	1	0	50	0	400	-1.520679	0.000000	5	-5.098801e-03	-7.646867e-01	inf	42.991600	0.000000	0.000050	6.843937	6.919362	98.909941	4	400	3
	0.310000	0.500000	1.000000	11	6	20	0	1	0	50	0	500	-1.520679	0.000000	5	-1.182719e-03	-7.758603e-01	inf	47.737309	0.000000	0.000017	5.595472	5.683900	98.444233	3	406	0
	0.310000	0.500000	1.000000	1	6	20	0	1	0	90	0	300	-0.304136	0.000000	1	-1.181533e-03	-3.028520e-01	inf	11.568569	0.000000	0.069686	10.813337	10.879791	99.389196	22	239	2
	0.310000	0.500000	1.000000	1	6	20	0	1	0	90	0	400	-0.304136	0.000000	1	-1.182719e-03	-3.028505e-01	inf	11.568509	0.000000	0.069687	17.760408	17.826723	99.628003	22	239	2
	0.310000	0.500000	1.000000	1	6	20	0	1	0	90	0	500	-0.304136	0.000000	1	-1.182719e-03	-3.028505e-01	inf	11.568508	0.000000	0.069687	13.055483	13.121767	99.494855	16	239	0
	0.310000	0.500000	1.000000	1	6	20	0	1	0	90	0	300	-0.912407	0.000000	3	-7.717451e-02	-6.886773e-01	inf	25.298685	0.000000	0.002952	3.153381	3.221979	97.870935	7	300	3
	0.310000	0.500000	1.000000	1	6	20	0	1	0	90	0	400	-0.912407	0.000000	3	-2.697075e-03	-7.758571e-01	inf	47.702011	0.000000	0.000017	18.715079	18.787054	99.616890	22	398	2
	0.310000	0.500000	1.000000	1	6	20	0	1	0	90	0	500	-0.912407	0.000000	3	-1.181115e-03	-7.758603e-01	inf	47.736809	0.000000	0.000017	18.493150	18.565259	99.611592	22	406	2
	0.310000	0.500000	1.000000	1	6	20	0	1	0	90	0	300	-1.520679	0.000000	5	-4.078982e-02	-7.755171e-01	inf	24.506977	0.000000	0.003542	3.255878	3.324434	97.937826	7	300	3
	0.310000	0.500000	1.000000	1	6	20	0	1	0	90	0	400	-1.520679	0.000000	5	-2.399831e-03	-7.758603e-01	inf	45.965611	0.000000	0.000025	14.313177	14.384919	99.501269	22	394	2
	0.310000	0.500000	1.000000	1	6	20	0	1	0	90	0	500	-1.520679	0.000000	5	-1.067973e-03	-7.758603e-01	inf	47.742470	0.000000	0.000017	18.497451	18.569583	99.611559	22	406	2
	0.310000	0.500000	1.000000	11	6	20	0	1	0	90	0	300	-0.304136	0.000000	1	-1.182719e-03	-3.028505e-01	inf	11.568508	0.000000	0.069687	5.686078	5.752519	98.845013	4	239	0
	0.310000	0.500000	1.000000	11	6	20	0	1	0	90	0	400	-0.304136	0.000000	1	-1.182719e-03	-3.028505e-01	inf	11.568508	0.000000	0.069687	7.140598	7.206936	99.079525	4	239	0
	0.310000	0.500000	1.000000	11	6	20	0	1	0	90	0	500	-0.304136	0.000000	1	-1.182719e-03	-3.028505e-01	inf	11.568508	0.000000	0.069687	8.051743	8.118408	99.178842	4	239	0
	0.310000	0.500000	1.000000	11	6	20	0	1	0	90	0	300	-0.912407	0.000000	3	-3.061232e-02	-6.926355e-01	inf	20.726185	0.000000	0.008460	5.554141	5.622763	98.779570	4	300	3
	0.310000	0.500000	1.000000	11	6	20	0	1	0	90	0	400	-0.912407	0.000000	3	-5.115988e-03	-7.646061e-01	inf	42.977245	0.000000	0.000050	6.818081	6.928432	98.407268	4	400	3
	0.310000	0.500000	1.000000	11	6	20	0	1	0	90	0	500	-0.912407	0.000000	3	-1.182719e-03	-7.758603e-01	inf	47.737309	0.000000	0.000017	5.723414	5.795407	98.757760	3	406	0
	0.310000	0.500000	1.000000	11	6	20	0	1	0	90	0	300	-1.520679	0.000000	5	-3.494416e-02	-6.952974e-01	inf	20.843824	0.000000	0.008234	5.469921	5.541447	98.709253	4	300	3
	0.310000	0.500000	1.000000	11	6	20	0	1	0	90	0	400	-1.520679	0.000000	5	-5.615216e-03	-7.651356e-01	inf	43.746601	0.000000	0.000042	10.167938	10.256350	99.137977	5	400	3
	0.310000	0.500000	1.000000	11	6	20	0	1	0	90	0	500	-1.520679	0.000000	5	-1.182719e-03	-7.758603e-01	inf	47.737305	0.000000	0.000017	5.668553	5.740872	98.740282	3	406	0
	0.310000	0.500000	1.000000	1	12	20	0	1	0	10	0	300	-0.304136	0.000000	1	-1.182719e-03	-3.028505e-01	inf	11.568505	0.000000	0.069687	10.834338	10.900804	99.390266	22	239	2
	0.310000	0.500000	1.000000	1	12	20	0	1	0	10	0	400	-0.304136	0.000000	1	-1.182719e-03	-3.028505e-01	inf	11.568508	0.000000	0.069687	18.819097	18.885435	99.648734	22	239	2
	0.310000	0.500000	1.000000	1	12	20	0	1	0	10	0	500	-0.304136	0.000000	1	-1.182719e-03	-3.028505e-01	inf	11.568508	0.000000	0.069687	16.575472	16.641705	99.602006	20	239	0
	0.310000	0.500000	1.000000	1	12	20	0	1	0	10	0	300	-0.912407	0.000000	3	-1.205611e-01	-7.566305e-01	inf	25.800920	0.000000	0.002630	9.805320	9.873733	99.307121	22	299	2
	0.310000	0.500000	1.000000	1	12	20	0	1	0	10	0	400	-0.912407	0.000000	3	-7.174451e-04	-7.758603e-01	inf	48.004200	0.000000	0.000016	13.096242	13.168098	99.454317	20	400	3
	0.310000	0.500000	1.000000	1	12	20	0	1	0	10	0	500	-0.912407	0.000000	3	-1.182717e-03	-7.758603e-01	inf	47.737293	0.000000	0.000017	19.011445	19.083774	99.620993	22	406	2
	0.310000	0.500000	1.000000	1	12	20	0	1	0	10	0	300	-1.520679	0.000000	5	-6.046139e-02	-7.758603e-01	inf	25.009527	0.000000	0.003155	2.091838	2.160642	96.815564	5	300	3
	0.310000	0.500000	1.000000	1	12	20	0	1	0	10	0	400	-1.520679	0.000000	5	-4.015170e-03	-7.758603e-01	inf	47.802231	0.000000	0.000017	14.885074	14.956698	99.521124	22	398	2
	0.310000	0.500000	1.000000	1	12	20	0	1	0	10	0	500	-1.520679	0.000000	5	-1.181508e-03	-7.758603e-01	inf	47.736862	0.000000	0.000017	17.576938	17.649256	99.590250	22	406	2
	0.310000	0.500000	1.000000	11	12	20	0	1	0	10	0	300	-0.304136	0.000000	1	-1.182719e-03	-3.028505e-01	inf	11.568508	0.000000	0.069687	5.328698	5.395002	98.771011	4	239	0
	0.310000	0.500000	1.000000	11	12	20	0	1	0	10	0	400	-0.304136	0.000000	1	-1.182719e-03	-3.028505e-01	inf	11.568508	0.000000	0.069687	5.968658	6.034761	98.904630	4	239	0
	0.310000	0.500000	1.000000	11	12	20	0	1	0	10	0	500	-0.304136	0.000000	1	-1.182719e-03	-3.028505e-01	inf	11.568508	0.000000	0.069687	6.342484	6.408619	98.968031	4	239	0
	0.310000	0.500000	1.000000	11	12	20	0	1	0	10	0	300	-0.912407	0.000000	3	-1.183688e-03	-7.758603e-01	inf	17.289116	0.000000	0.018668	37.864514	37.932193	99.821579	22	277	2
	0.310000	0.500000	1.000000	11	12	20	0	1	0	10	0	400	-0.912407	0.000000	3	-1.182719e-03	-7.758603e-01	inf	34.677071	0.000000	0.000341	49.682877	49.754359	99.856330	22	392	2
	0.310000	0.500000	1.000000	11	12	20	0	1	0	10	0	500	-0.912407	0.000000	3	-1.182719e-03	-7.758603e-01	inf	47.737305	0.000000	0.000017	8.166468	8.238424	99.126582	4	406	0
	0.310000	0.500000	1.000000	11	12	20	0	1	0	10	0	300	-1.520679	0.000000	5	-2.489259e-03	-7.758603e-01	inf	16.817598	0.000000	0.020808	38.089138	38.156960	99.822255	22	280	2
	0.310000	0.500000	1.000000	11	12	20	0	1	0	10	0	400	-1.520679	0.000000	5	-1.183026e-03	-7.758603e-01	inf	36.502609	0.000000	0.000224	49.646166	49.717702	99.856116	22	396	2
	0.310000	0.500000	1.000000	11	12	20	0	1	0	10	0	500	-1.520679	0.000000	5	-1.182719e-03	-7.758603e-01	inf	47.737305	0.000000	0.000017	8.147083	8.219030	99.124628	4	406	0
	0.310000	0.500000	1.000000	1	12	20	0	1	0	50	0	300	-0.304136	0.000000	1	-1.182711e-03	-3.028506e-01	inf	11.568511	0.000000	0.069687	10.863428	10.929840	99.392377	22	239	2
	0.310000	0.500000	1.000000	1	12	20	0	1	0	50	0	400	-0.304136	0.000000	1	-1.182719e-03	-3.028505e-01	inf	11.568508	0.000000	0.069687	13.821057	13.887160	99.524001	22	239	2
	0.310000	0.500000	1.000000	1	12	20	0	1	0	50	0	500	-0.304136	0.000000	1	-1.182719e-03	-3.028505e-01	inf	11.568508	0.000000	0.069687	17.730577	17.796742	99.628219	22	239	0
	0.310000	0.500000	1.000000	1	12	20	0	1	0	50	0	300	-0.912407	0.000000	3	-1.189642e-01	-7.503039e-01	inf	25.780285	0.000000	0.002642	10.410349	10.478659	99.348103	22	299	2
	0.310000	0.500000	1.000000	1	12	20	0	1	0	50	0	400	-0.912407	0.000000	3	-2.563245e-03	-7.758603e-01	inf	47.968273	0.000000	0.000016	14.473913	14.545739	99.506206	22	399	2
	0.310000	0.500000	1.000000	1	12	20	0	1	0	50	0	500	-0.912407	0.000000	3	-1.182691e-03	-7.758603e-01	inf	47.737232	0.000000	0.000017	18.087845	18.160189	99.601635	22	406	2
	0.310000	0.500000	1.000000	1	12	20	0	1	0	50	0	300	-1.520679	0.000000	5	-3.929655e-02	-7.758451e-01	inf	24.532633	0.000000	0.003522	1.880138	1.948357	96.498631	5	300	3
	0.310000	0.500000	1.000000	1	12	20	0	1	0	50	0	400	-1.520679	0.000000	5	-2.985792e-03	-7.758603e-01	inf	47.447636	0.000000	0.000018	13.440832	13.512400	99.470353	22	397	2
	0.310000	0.500000	1.000000	1	12	20	0	1	0	50	0	500	-1.520679	0.000000	5	-1.174542e-03	-7.758603e-01	inf	47.736534	0.000000	0.000017	17.556942	17.628791	99.592433	22	406	2
	0.310000	0.500000	1.000000	11	12	20	0	1	0	50	0	300	-0.304136	0.000000	1	-1.182719e-03	-3.028505e-01	inf	11.568508	0.000000	0.069687	5.429492	5.495941	98.790941	4	239	0
	0.310000	0.500000	1.000000	11	12	20	0	1	0	50	0	400	-0.304136	0.000000	1	-1.182719e-03	-3.028505e-01	inf	11.568508	0.000000	0.069687	7.077155	7.143279	99.074319	4	239	0
	0.310000	0.500000	1.000000	11	12	20	0	1	0	50	0	500	-0.304136	0.000000	1	-1.182719e-03	-3.028505e-01	inf	11.568508	0.000000	0.069687	7.004772	7.070982	99.063637	4	239	0
	0.310000	0.500000	1.000000	11	12	20	0	1	0	50	0	300	-0.912407	0.000000	3	-2.784711e-02	-6.915334e-01	inf	20.672987	0.000000	0.008564	5.429174	5.497723	98.753136	4	300	3
	0.310000	0.500000	1.000000	11	12	20	0	1	0	50	0	400	-0.912407	0.000000	3	-4.859414e-03	-7.647975e-01	inf	43.065025	0.000000	0.000049	7.111559	7.183268	99.001723	4	400	3
	0.310000	0.500000	1.000000	11	12	20	0	1	0	50	0	500	-0.912407	0.000000	3	-1.182719e-03	-7.758603e-01	inf	47.737305	0.000000	0.000017	8.125531	8.197407	99.123188	4	406	0
	0.310000	0.500000	1.000000	11	12	20	0	1	0	50	0	300	-1.520679	0.000000	5	-3.021537e-02	-6.925703e-01	inf	20.714523	0.000000	0.008483	5.440489	5.509004	98.756308	4	300	3
	0.310000	0.500000	1.000000	11	12	20	0	1	0	50	0	400	-1.520679	0.000000	5	-5.098801e-03	-7.646867e-01	inf	42.991600	0.000000	0.000050	6.755132	6.826983	98.947544	4	400	3
	0.310000	0.500000	1.000000	11	12	20	0	1	0	50	0	500	-1.520679	0.000000	5	-1.182719e-03	-7.758603e-01	inf	47.737305	0.000000	0.000017	10.860964	10.932978	99.341315	5	406	0
	0.310000	0.500000	1.000000	1	12	20	0	1	0	90	0	300	-0.304136	0.000000	1	-1.181533e-03	-3.028520e-01	inf	11.568569	0.000000	0.069686	10.837015	10.903407	99.391090	22	239	2
	0.310000	0.500000	1.000000	1	12	20	0	1	0	90	0	400	-0.304136	0.000000	1	-1.182719e-03	-3.028505e-01	inf	11.568509	0.000000	0.069687	14.970177	15.036290	99.560309	22	239	2
	0.310000	0.500000	1.000000	1	12	20	0	1	0	90	0	500	-0.304136	0.000000	1	-1.182719e-03	-3.028505e-01	inf	11.568508	0.000000	0.069687	17.564279	17.630418	99.624857	22	239	2
	0.310000	0.500000	1.000000	1	12	20	0	1	0	90	0	300	-0.912407	0.000000	3	-7.717451e-02	-6.886773e-01	inf	25.298685	0.000000	0.002952	2.844423	2.912805	97.652357	7	300	3
	0.310000	0.500000	1.000000	1	12	20	0	1	0	90	0	400	-0.912407	0.000000	3	-2.697075e-03	-7.758571e-01	inf	47.702011	0.000000	0.000017	13.707189	13.778800	99.480280	22	398	2
	0.310000	0.500000	1.000000	1	12	20	0	1	0	90	0	500	-0.912407	0.000000	3	-1.181115e-03	-7.758603e-01	inf	47.736809	0.000000	0.000017	17.622810	17.694695	99.593749	22	406	2
	0.310000	0.500000	1.000000	1	12	20	0	1	0	90	0	300	-1.520679	0.000000	5	-4.078982e-02	-7.755171e-01	inf	24.506977	0.000000	0.003542	3.144966	3.213286	97.873834	7	300	3
	0.310000	0.500000	1.000000	1	12	20	0	1	0	90	0	400	-1.520679	0.000000	5	-2.399831e-03	-7.758603e-01	inf	45.965611	0.000000	0.000025	17.709432	17.780897	99.598080	22	394	2
	0.310000	0.500000	1.000000	1	12	20	0	1	0	90	0	500	-1.520679	0.000000	5	-1.067973e-03	-7.758603e-01	inf	47.742470	0.000000	0.000017	17.639631	17.711474	99.594369	22	406	2
	0.310000	0.500000	1.000000	11	12	20	0	1	0	90	0	300	-0.304136	0.000000	1	-1.182719e-03	-3.028505e-01	inf	11.568508	0.000000	0.069687	7.263763	7.330371	99.091343	5	239	0
	0.310000	0.500000	1.000000	11	12	20	0	1	0	90	0	400	-0.304136	0.000000	1	-1.182719e-03	-3.028505e-01	inf	11.568508	0.000000	0.069687	7.125900	7.192099	99.079559	4	239	0
	0.310000	0.500000	1.000000	11	12	20	0	1	0	90	0	500	-0.304136	0.000000	1	-1.182719e-03	-3.028505e-01	inf	11.568508	0.000000	0.069687	7.680712	7.746938	99.145133	4	239	0
	0.310000	0.500000	1.000000	11	12	20	0	1	0	90	0	300	-0.912407	0.000000	3	-3.061232e-02	-6.926355e-01	inf	20.726185	0.000000	0.008460	5.441581	5.509977	98.758691	4	300	3
	0.310000	0.500000	1.000000	11	12	20	0	1	0	90	0	400	-0.912407	0.000000	3	-5.115988e-03	-7.646061e-01	inf	42.977245	0.000000	0.000050	7.156070	7.262722	98.531514	4	400	3
	0.310000	0.500000	1.000000	11	12	20	0	1	0	90	0	500	-0.912407	0.000000	3	-1.182719e-03	-7.758603e-01	inf	47.737305	0.000000	0.000017	11.083715	11.156233	99.349979	5	406	0
	0.310000	0.500000	1.000000	11	12	20	0	1	0	90	0	300	-1.520679	0.000000	5	-3.494416e-02	-6.952974e-01	inf	20.843824	0.000000	0.008234	5.463159	5.532376	98.748875	4	300	3
	0.310000	0.500000	1.000000	11	12	20	0	1	0	90	0	400	-1.520679	0.000000	5	-5.615216e-03	-7.651356e-01	inf	43.746601	0.000000	0.000042	9.542717	9.654512	98.842042	5	400	3
	0.310000	0.500000	1.000000	11	12	20	0	1	0	90	0	500	-1.520679	0.000000	5	-1.182719e-03	-7.758603e-01	inf	47.737305	0.000000	0.000017	11.269591	11.341774	99.363564	5	406	0
	0.310000	0.500000	1.000000	1	6	30	0	1	0	10	0	300	-0.304136	0.000000	1	-1.182719e-03	-3.028505e-01	inf	11.568508	0.000000	0.069687	14.536515	14.602860	99.545671	32	239	2
	0.310000	0.500000	1.000000	1	6	30	0	1	0	10	0	400	-0.304136	0.000000	1	-1.182719e-03	-3.028505e-01	inf	11.568508	0.000000	0.069687	10.090497	10.156648	99.348691	16	239	0
	0.310000	0.500000	1.000000	1	6	30	0	1	0	10	0	500	-0.304136	0.000000	1	-1.182719e-03	-3.028505e-01	inf	11.568508	0.000000	0.069687	9.496649	9.562894	99.307270	12	239	0
	0.310000	0.500000	1.000000	1	6	30	0	1	0	10	0	300	-0.912407	0.000000	3	-1.213984e-01	-7.649897e-01	inf	26.000587	0.000000	0.002512	13.280875	13.349496	99.485964	27	300	3
	0.310000	0.500000	1.000000	1	6	30	0	1	0	10	0	400	-0.912407	0.000000	3	-7.174451e-04	-7.758603e-01	inf	48.004200	0.000000	0.000016	16.335296	16.407256	99.561412	20	400	3
	0.310000	0.500000	1.000000	1	6	30	0	1	0	10	0	500	-0.912407	0.000000	3	-1.182719e-03	-7.758603e-01	inf	47.737305	0.000000	0.000017	24.096385	24.168436	99.701880	29	406	0
	0.310000	0.500000	1.000000	1	6	30	0	1	0	10	0	300	-1.520679	0.000000	5	-6.046139e-02	-7.758603e-01	inf	25.009527	0.000000	0.003155	2.096165	2.164774	96.830662	5	300	3
	0.310000	0.500000	1.000000	1	6	30	0	1	0	10	0	400	-1.520679	0.000000	5	-5.575005e-04	-7.758603e-01	inf	47.998314	0.000000	0.000016	20.841059	20.912890	99.656523	32	400	3
	0.310000	0.500000	1.000000	1	6	30	0	1	0	10	0	500	-1.520679	0.000000	5	-1.182713e-03	-7.758603e-01	inf	47.737278	0.000000	0.000017	26.241353	26.313224	99.726863	32	406	2
	0.310000	0.500000	1.000000	11	6	30	0	1	0	10	0	300	-0.304136	0.000000	1	-1.182719e-03	-3.028505e-01	inf	11.568508	0.000000	0.069687	5.439618	5.506054	98.793404	4	239	0
	0.310000	0.500000	1.000000	11	6	30	0	1	0	10	0	400	-0.304136	0.000000	1	-1.182719e-03	-3.028505e-01	inf	11.568508	0.000000	0.069687	6.234313	6.333396	98.435548	4	239	0
	0.310000	0.500000	1.000000	11	6	30	0	1	0	10	0	500	-0.304136	0.000000	1	-1.182719e-03	-3.028505e-01	inf	11.568508	0.000000	0.069687	6.463114	6.536480	98.877593	4	239	0
	0.310000	0.500000	1.000000	11	6	30	0	1	0	10	0	300	-0.912407	0.000000	3	-1.182722e-03	-7.758603e-01	inf	17.947681	0.000000	0.016041	55.933213	56.001507	99.878049	32	285	2
	0.310000	0.500000	1.000000	11	6	30	0	1	0	10	0	400	-0.912407	0.000000	3	-1.182719e-03	-7.758603e-01	inf	35.930550	0.000000	0.000255	71.467392	71.538957	99.899963	32	394	2
	0.310000	0.500000	1.000000	11	6	30	0	1	0	10	0	500	-0.912407	0.000000	3	-1.182719e-03	-7.758603e-01	inf	47.737305	0.000000	0.000017	5.444541	5.516466	98.696182	3	406	0
	0.310000	0.500000	1.000000	11	6	30	0	1	0	10	0	300	-1.520679	0.000000	5	-1.299195e-03	-7.758603e-01	inf	17.329050	0.000000	0.018497	54.675843	54.780596	99.808777	32	287	2
	0.310000	0.500000	1.000000	11	6	30	0	1	0	10	0	400	-1.520679	0.000000	5	-1.182719e-03	-7.758603e-01	inf	37.449184	0.000000	0.000180	69.067328	69.138974	99.896374	32	398	2
	0.310000	0.500000	1.000000	11	6	30	0	1	0	10	0	500	-1.520679	0.000000	5	-1.182719e-03	-7.758603e-01	inf	47.737305	0.000000	0.000017	5.459255	5.531204	98.699216	3	406	0
	0.310000	0.500000	1.000000	1	6	30	0	1	0	50	0	300	-0.304136	0.000000	1	-1.182719e-03	-3.028505e-01	inf	11.568508	0.000000	0.069687	15.953672	16.019994	99.586004	32	239	2
	0.310000	0.500000	1.000000	1	6	30	0	1	0	50	0	400	-0.304136	0.000000	1	-1.182719e-03	-3.028505e-01	inf	11.568508	0.000000	0.069687	17.061112	17.127271	99.613721	21	239	0
	0.310000	0.500000	1.000000	1	6	30	0	1	0	50	0	500	-0.304136	0.000000	1	-1.182719e-03	-3.028505e-01	inf	11.568508	0.000000	0.069687	11.793508	11.859687	99.441983	15	239	0
	0.310000	0.500000	1.000000	1	6	30	0	1	0	50	0	300	-0.912407	0.000000	3	-1.206859e-01	-7.565428e-01	inf	25.996954	0.000000	0.002514	15.886974	15.955349	99.571461	32	300	3
	0.310000	0.500000	1.000000	1	6	30	0	1	0	50	0	400	-0.912407	0.000000	3	-5.483688e-04	-7.758603e-01	inf	47.998104	0.000000	0.000016	20.678232	20.749899	99.654615	24	400	3
	0.310000	0.500000	1.000000	1	6	30	0	1	0	50	0	500	-0.912407	0.000000	3	-1.182719e-03	-7.758603e-01	inf	47.737305	0.000000	0.000017	26.070662	26.142489	99.725247	32	406	2
	0.310000	0.500000	1.000000	1	6	30	0	1	0	50	0	300	-1.520679	0.000000	5	-3.929655e-02	-7.758451e-01	inf	24.532633	0.000000	0.003522	2.051408	2.119820	96.772753	5	300	3
	0.310000	0.500000	1.000000	1	6	30	0	1	0	50	0	400	-1.520679	0.000000	5	-1.076208e-03	-7.758603e-01	inf	47.924706	0.000000	0.000016	20.758801	20.830578	99.655425	32	399	2
	0.310000	0.500000	1.000000	1	6	30	0	1	0	50	0	500	-1.520679	0.000000	5	-1.182615e-03	-7.758603e-01	inf	47.737156	0.000000	0.000017	26.212351	26.284183	99.726710	32	406	2
	0.310000	0.500000	1.000000	11	6	30	0	1	0	50	0	300	-0.304136	0.000000	1	-1.182719e-03	-3.028505e-01	inf	11.568508	0.000000	0.069687	5.432722	5.499108	98.792786	4	239	0
	0.310000	0.500000	1.000000	11	6	30	0	1	0	50	0	400	-0.304136	0.000000	1	-1.182719e-03	-3.028505e-01	inf	11.568508	0.000000	0.069687	7.145173	7.248556	98.573746	4	239	0
	0.310000	0.500000	1.000000	11	6	30	0	1	0	50	0	500	-0.304136	0.000000	1	-1.182719e-03	-3.028505e-01	inf	11.568508	0.000000	0.069687	7.207333	7.273727	99.087207	4	239	0
	0.310000	0.500000	1.000000	11	6	30	0	1	0	50	0	300	-0.912407	0.000000	3	-2.784711e-02	-6.915334e-01	inf	20.672987	0.000000	0.008564	5.292274	5.360712	98.723340	4	300	3
	0.310000	0.500000	1.000000	11	6	30	0	1	0	50	0	400	-0.912407	0.000000	3	-4.859414e-03	-7.647975e-01	inf	43.065025	0.000000	0.000049	6.717490	6.827674	98.386212	4	400	3
	0.310000	0.500000	1.000000	11	6	30	0	1	0	50	0	500	-0.912407	0.000000	3	-1.182719e-03	-7.758603e-01	inf	47.737305	0.000000	0.000017	5.568365	5.640344	98.723854	3	406	0
	0.310000	0.500000	1.000000	11	6	30	0	1	0	50	0	300	-1.520679	0.000000	5	-3.021537e-02	-6.925703e-01	inf	20.714523	0.000000	0.008483	5.726771	5.835692	98.133537	4	300	3
	0.310000	0.500000	1.000000	11	6	30	0	1	0	50	0	400	-1.520679	0.000000	5	-5.098801e-03	-7.646867e-01	inf	42.991600	0.000000	0.000050	7.323356	7.407376	98.865727	4	400	3
	0.310000	0.500000	1.000000	11	6	30	0	1	0	50	0	500	-1.520679	0.000000	5	-1.182719e-03	-7.758603e-01	inf	47.737309	0.000000	0.000017	5.641550	5.713462	98.741358	3	406	0
	0.310000	0.500000	1.000000	1	6	30	0	1	0	90	0	300	-0.304136	0.000000	1	-1.182721e-03	-3.028505e-01	inf	11.568503	0.000000	0.069687	16.350377	16.458383	99.343762	32	239	2
	0.310000	0.500000	1.000000	1	6	30	0	1	0	90	0	400	-0.304136	0.000000	1	-1.182719e-03	-3.028505e-01	inf	11.568508	0.000000	0.069687	21.871569	21.938044	99.696988	25	239	0
	0.310000	0.500000	1.000000	1	6	30	0	1	0	90	0	500	-0.304136	0.000000	1	-1.182719e-03	-3.028505e-01	inf	11.568508	0.000000	0.069687	12.988876	13.055114	99.492627	16	239	0
	0.310000	0.500000	1.000000	1	6	30	0	1	0	90	0	300	-0.912407	0.000000	3	-7.717451e-02	-6.886773e-01	inf	25.298685	0.000000	0.002952	3.226231	3.294721	97.921226	7	300	3
	0.310000	0.500000	1.000000	1	6	30	0	1	0	90	0	400	-0.912407	0.000000	3	-2.815532e-03	-7.758603e-01	inf	47.968334	0.000000	0.000016	21.668792	21.740689	99.669298	32	399	2
	0.310000	0.500000	1.000000	1	6	30	0	1	0	90	0	500	-0.912407	0.000000	3	-1.182709e-03	-7.758603e-01	inf	47.737263	0.000000	0.000017	26.900713	26.972950	99.732187	32	406	2
	0.310000	0.500000	1.000000	1	6	30	0	1	0	90	0	300	-1.520679	0.000000	5	-4.078982e-02	-7.755171e-01	inf	24.506977	0.000000	0.003542	2.919096	2.987614	97.706600	7	300	3
	0.310000	0.500000	1.000000	1	6	30	0	1	0	90	0	400	-1.520679	0.000000	5	-3.328409e-03	-7.758603e-01	inf	47.469501	0.000000	0.000018	20.693026	20.764717	99.654746	32	397	2
	0.310000	0.500000	1.000000	1	6	30	0	1	0	90	0	500	-1.520679	0.000000	5	-1.177703e-03	-7.758603e-01	inf	47.736572	0.000000	0.000017	26.536082	26.608078	99.729421	32	406	2
	0.310000	0.500000	1.000000	11	6	30	0	1	0	90	0	300	-0.304136	0.000000	1	-1.182719e-03	-3.028505e-01	inf	11.568508	0.000000	0.069687	5.475645	5.542031	98.802136	4	239	0
	0.310000	0.500000	1.000000	11	6	30	0	1	0	90	0	400	-0.304136	0.000000	1	-1.182719e-03	-3.028505e-01	inf	11.568508	0.000000	0.069687	6.965827	7.031960	99.059540	4	239	0
	0.310000	0.500000	1.000000	11	6	30	0	1	0	90	0	500	-0.304136	0.000000	1	-1.182719e-03	-3.028505e-01	inf	11.568508	0.000000	0.069687	7.942152	8.008452	99.172123	4	239	0
	0.310000	0.500000	1.000000	11	6	30	0	1	0	90	0	300	-0.912407	0.000000	3	-3.061232e-02	-6.926355e-01	inf	20.726185	0.000000	0.008460	5.628172	5.696819	98.794996	4	300	3
	0.310000	0.500000	1.000000	11	6	30	0	1	0	90	0	400	-0.912407	0.000000	3	-5.115988e-03	-7.646061e-01	inf	42.977245	0.000000	0.000050	7.291811	7.363666	99.024198	4	400	3
	0.310000	0.500000	1.000000	11	6	30	0	1	0	90	0	500	-0.912407	0.000000	3	-1.182719e-03	-7.758603e-01	inf	47.737309	0.000000	0.000017	5.616304	5.688395	98.732664	3	406	0
	0.310000	0.500000	1.000000	11	6	30	0	1	0	90	0	300	-1.520679	0.000000	5	-3.494416e-02	-6.952974e-01	inf	20.843824	0.000000	0.008234	5.605853	5.674442	98.791265	4	300	3
	0.310000	0.500000	1.000000	11	6	30	0	1	0	90	0	400	-1.520679	0.000000	5	-5.615216e-03	-7.651356e-01	inf	43.746601	0.000000	0.000042	9.804082	9.915907	98.872267	5	400	3
	0.310000	0.500000	1.000000	11	6	30	0	1	0	90	0	500	-1.520679	0.000000	5	-1.182719e-03	-7.758603e-01	inf	47.737305	0.000000	0.000017	5.441818	5.517510	98.628150	3	406	0
	0.310000	0.500000	1.000000	1	12	30	0	1	0	10	0	300	-0.304136	0.000000	1	-1.182719e-03	-3.028505e-01	inf	11.568508	0.000000	0.069687	16.061380	16.127966	99.587139	32	239	2
	0.310000	0.500000	1.000000	1	12	30	0	1	0	10	0	400	-0.304136	0.000000	1	-1.182719e-03	-3.028505e-01	inf	11.568508	0.000000	0.069687	18.491417	18.558475	99.638667	28	239	0
	0.310000	0.500000	1.000000	1	12	30	0	1	0	10	0	500	-0.304136	0.000000	1	-1.182719e-03	-3.028505e-01	inf	11.568508	0.000000	0.069687	16.164603	16.230769	99.592341	20	239	0
	0.310000	0.500000	1.000000	1	12	30	0	1	0	10	0	300	-0.912407	0.000000	3	-1.213984e-01	-7.649897e-01	inf	26.000587	0.000000	0.002512	12.226008	12.294501	99.442898	27	300	3
	0.310000	0.500000	1.000000	1	12	30	0	1	0	10	0	400	-0.912407	0.000000	3	-7.174451e-04	-7.758603e-01	inf	48.004200	0.000000	0.000016	12.390516	12.462197	99.424812	20	400	3
	0.310000	0.500000	1.000000	1	12	30	0	1	0	10	0	500	-0.912407	0.000000	3	-1.182719e-03	-7.758603e-01	inf	47.737305	0.000000	0.000017	26.180152	26.252006	99.726291	32	406	2
	0.310000	0.500000	1.000000	1	12	30	0	1	0	10	0	300	-1.520679	0.000000	5	-6.046139e-02	-7.758603e-01	inf	25.009527	0.000000	0.003155	1.915332	1.983715	96.552782	5	300	3
	0.310000	0.500000	1.000000	1	12	30	0	1	0	10	0	400	-1.520679	0.000000	5	-5.575005e-04	-7.758603e-01	inf	47.998314	0.000000	0.000016	20.306831	20.378509	99.648267	32	400	3
	0.310000	0.500000	1.000000	1	12	30	0	1	0	10	0	500	-1.520679	0.000000	5	-1.182713e-03	-7.758603e-01	inf	47.737278	0.000000	0.000017	26.220404	26.292394	99.726195	32	406	2
	0.310000	0.500000	1.000000	11	12	30	0	1	0	10	0	300	-0.304136	0.000000	1	-1.182719e-03	-3.028505e-01	inf	11.568508	0.000000	0.069687	5.580565	5.646932	98.824722	4	239	0
	0.310000	0.500000	1.000000	11	12	30	0	1	0	10	0	400	-0.304136	0.000000	1	-1.182719e-03	-3.028505e-01	inf	11.568508	0.000000	0.069687	6.240901	6.307024	98.951597	4	239	0
	0.310000	0.500000	1.000000	11	12	30	0	1	0	10	0	500	-0.304136	0.000000	1	-1.182719e-03	-3.028505e-01	inf	11.568508	0.000000	0.069687	6.441593	6.507734	98.983653	4	239	0
	0.310000	0.500000	1.000000	11	12	30	0	1	0	10	0	300	-0.912407	0.000000	3	-1.182722e-03	-7.758603e-01	inf	17.947681	0.000000	0.016041	56.743530	56.811463	99.880424	32	285	2
	0.310000	0.500000	1.000000	11	12	30	0	1	0	10	0	400	-0.912407	0.000000	3	-1.182719e-03	-7.758603e-01	inf	35.930550	0.000000	0.000255	74.328153	74.399730	99.903794	32	394	2
	0.310000	0.500000	1.000000	11	12	30	0	1	0	10	0	500	-0.912407	0.000000	3	-1.182719e-03	-7.758603e-01	inf	47.737305	0.000000	0.000017	8.194633	8.266694	99.128299	4	406	0
	0.310000	0.500000	1.000000	11	12	30	0	1	0	10	0	300	-1.520679	0.000000	5	-1.299195e-03	-7.758603e-01	inf	17.329050	0.000000	0.018497	55.241727	55.309600	99.877285	32	287	2
	0.310000	0.500000	1.000000	11	12	30	0	1	0	10	0	400	-1.520679	0.000000	5	-1.182719e-03	-7.758603e-01	inf	37.449184	0.000000	0.000180	68.878568	68.950087	99.896274	32	398	2
	0.310000	0.500000	1.000000	11	12	30	0	1	0	10	0	500	-1.520679	0.000000	5	-1.182719e-03	-7.758603e-01	inf	47.737305	0.000000	0.000017	8.128252	8.201264	99.109748	4	406	0
	0.310000	0.500000	1.000000	1	12	30	0	1	0	50	0	300	-0.304136	0.000000	1	-1.182719e-03	-3.028505e-01	inf	11.568508	0.000000	0.069687	14.205223	14.272548	99.528291	32	239	2
	0.310000	0.500000	1.000000	1	12	30	0	1	0	50	0	400	-0.304136	0.000000	1	-1.182719e-03	-3.028505e-01	inf	11.568508	0.000000	0.069687	19.700121	19.766390	99.664739	32	239	2
	0.310000	0.500000	1.000000	1	12	30	0	1	0	50	0	500	-0.304136	0.000000	1	-1.182719e-03	-3.028505e-01	inf	11.568508	0.000000	0.069687	17.505260	17.571284	99.624252	22	239	0
	0.310000	0.500000	1.000000	1	12	30	0	1	0	50	0	300	-0.912407	0.000000	3	-1.206859e-01	-7.565428e-01	inf	25.996954	0.000000	0.002514	14.189487	14.257782	99.520998	32	300	3
	0.310000	0.500000	1.000000	1	12	30	0	1	0	50	0	400	-0.912407	0.000000	3	-5.483688e-04	-7.758603e-01	inf	47.998104	0.000000	0.000016	15.028710	15.140453	99.261958	24	400	3
	0.310000	0.500000	1.000000	1	12	30	0	1	0	50	0	500	-0.912407	0.000000	3	-1.182719e-03	-7.758603e-01	inf	47.737305	0.000000	0.000017	26.577849	26.663951	99.677085	32	406	2
	0.310000	0.500000	1.000000	1	12	30	0	1	0	50	0	300	-1.520679	0.000000	5	-3.929655e-02	-7.758451e-01	inf	24.532633	0.000000	0.003522	2.158951	2.227635	96.916726	5	300	3
	0.310000	0.500000	1.000000	1	12	30	0	1	0	50	0	400	-1.520679	0.000000	5	-1.076208e-03	-7.758603e-01	inf	47.924706	0.000000	0.000016	27.224206	27.296477	99.735237	32	399	2
	0.310000	0.500000	1.000000	1	12	30	0	1	0	50	0	500	-1.520679	0.000000	5	-1.182615e-03	-7.758603e-01	inf	47.737156	0.000000	0.000017	26.943513	27.015657	99.732955	32	406	2
	0.310000	0.500000	1.000000	11	12	30	0	1	0	50	0	300	-0.304136	0.000000	1	-1.182719e-03	-3.028505e-01	inf	11.568508	0.000000	0.069687	5.640470	5.706925	98.835539	4	239	0
	0.310000	0.500000	1.000000	11	12	30	0	1	0	50	0	400	-0.304136	0.000000	1	-1.182719e-03	-3.028505e-01	inf	11.568508	0.000000	0.069687	7.371900	7.438192	99.108761	4	239	0
	0.310000	0.500000	1.000000	11	12	30	0	1	0	50	0	500	-0.304136	0.000000	1	-1.182719e-03	-3.028505e-01	inf	11.568508	0.000000	0.069687	7.357846	7.424216	99.106033	4	239	0
	0.310000	0.500000	1.000000	11	12	30	0	1	0	50	0	300	-0.912407	0.000000	3	-2.784711e-02	-6.915334e-01	inf	20.672987	0.000000	0.008564	5.673544	5.742200	98.804361	4	300	3
	0.310000	0.500000	1.000000	11	12	30	0	1	0	50	0	400	-0.912407	0.000000	3	-4.859414e-03	-7.647975e-01	inf	43.065025	0.000000	0.000049	7.169067	7.267458	98.646142	4	400	3
	0.310000	0.500000	1.000000	11	12	30	0	1	0	50	0	500	-0.912407	0.000000	3	-1.182719e-03	-7.758603e-01	inf	47.737305	0.000000	0.000017	8.688690	8.760972	99.174956	4	406	0
	0.310000	0.500000	1.000000	11	12	30	0	1	0	50	0	300	-1.520679	0.000000	5	-3.021537e-02	-6.925703e-01	inf	20.714523	0.000000	0.008483	5.472916	5.556726	98.491736	4	300	3
	0.310000	0.500000	1.000000	11	12	30	0	1	0	50	0	400	-1.520679	0.000000	5	-5.098801e-03	-7.646867e-01	inf	42.991600	0.000000	0.000050	6.826140	6.930621	98.492473	4	400	3
	0.310000	0.500000	1.000000	11	12	30	0	1	0	50	0	500	-1.520679	0.000000	5	-1.182719e-03	-7.758603e-01	inf	47.737305	0.000000	0.000017	10.974421	11.047617	99.337448	5	406	0
	0.310000	0.500000	1.000000	1	12	30	0	1	0	90	0	300	-0.304136	0.000000	1	-1.182721e-03	-3.028505e-01	inf	11.568503	0.000000	0.069687	14.971391	15.038728	99.552242	32	239	2
	0.310000	0.500000	1.000000	1	12	30	0	1	0	90	0	400	-0.304136	0.000000	1	-1.182719e-03	-3.028505e-01	inf	11.568508	0.000000	0.069687	25.758327	25.866465	99.581938	32	239	2
	0.310000	0.500000	1.000000	1	12	30	0	1	0	90	0	500	-0.304136	0.000000	1	-1.182719e-03	-3.028505e-01	inf	11.568508	0.000000	0.069687	21.517693	21.583750	99.693950	26	239	0
	0.310000	0.500000	1.000000	1	12	30	0	1	0	90	0	300	-0.912407	0.000000	3	-7.717451e-02	-6.886773e-01	inf	25.298685	0.000000	0.002952	3.201917	3.270339	97.907806	7	300	3
	0.310000	0.500000	1.000000	1	12	30	0	1	0	90	0	400	-0.912407	0.000000	3	-2.815532e-03	-7.758603e-01	inf	47.968334	0.000000	0.000016	27.114420	27.186197	99.735980	32	399	2
	0.310000	0.500000	1.000000	1	12	30	0	1	0	90	0	500	-0.912407	0.000000	3	-1.182709e-03	-7.758603e-01	inf	47.737263	0.000000	0.000017	26.809209	26.881243	99.732029	32	406	2
	0.310000	0.500000	1.000000	1	12	30	0	1	0	90	0	300	-1.520679	0.000000	5	-4.078982e-02	-7.755171e-01	inf	24.506977	0.000000	0.003542	3.225542	3.293957	97.923017	7	300	3
	0.310000	0.500000	1.000000	1	12	30	0	1	0	90	0	400	-1.520679	0.000000	5	-3.328409e-03	-7.758603e-01	inf	47.469501	0.000000	0.000018	28.448774	28.520515	99.748459	32	397	2
	0.310000	0.500000	1.000000	1	12	30	0	1	0	90	0	500	-1.520679	0.000000	5	-1.177703e-03	-7.758603e-01	inf	47.736572	0.000000	0.000017	26.710365	26.782379	99.731114	32	406	2
	0.310000	0.500000	1.000000	11	12	30	0	1	0	90	0	300	-0.304136	0.000000	1	-1.182719e-03	-3.028505e-01	inf	11.568508	0.000000	0.069687	7.505566	7.571902	99.123920	5	239	0
	0.310000	0.500000	1.000000	11	12	30	0	1	0	90	0	400	-0.304136	0.000000	1	-1.182719e-03	-3.028505e-01	inf	11.568508	0.000000	0.069687	7.038605	7.104733	99.069240	4	239	0
	0.310000	0.500000	1.000000	11	12	30	0	1	0	90	0	500	-0.304136	0.000000	1	-1.182719e-03	-3.028505e-01	inf	11.568508	0.000000	0.069687	7.943171	8.009454	99.172438	4	239	0
	0.310000	0.500000	1.000000	11	12	30	0	1	0	90	0	300	-0.912407	0.000000	3	-3.061232e-02	-6.926355e-01	inf	20.726185	0.000000	0.008460	5.479796	5.548256	98.766099	4	300	3
	0.310000	0.500000	1.000000	11	12	30	0	1	0	90	0	400	-0.912407	0.000000	3	-5.115988e-03	-7.646061e-01	inf	42.977245	0.000000	0.000050	7.489155	7.585164	98.734253	4	400	3
	0.310000	0.500000	1.000000	11	12	30	0	1	0	90	0	500	-0.912407	0.000000	3	-1.182719e-03	-7.758603e-01	inf	47.737305	0.000000	0.000017	12.177965	12.261548	99.318331	5	406	0
	0.310000	0.500000	1.000000	11	12	30	0	1	0	90	0	300	-1.520679	0.000000	5	-3.494416e-02	-6.952974e-01	inf	20.843824	0.000000	0.008234	5.866100	5.939900	98.757553	4	300	3
	0.310000	0.500000	1.000000	11	12	30	0	1	0	90	0	400	-1.520679	0.000000	5	-5.615216e-03	-7.651356e-01	inf	43.746601	0.000000	0.000042	9.799363	9.872641	99.257768	5	400	3
	0.310000	0.500000	1.000000	11	12	30	0	1	0	90	0	500	-1.520679	0.000000	5	-1.182719e-03	-7.758603e-01	inf	47.737305	0.000000	0.000017	11.467637	11.542104	99.354823	5	406	0
	0.310000	0.500000	1.000000	1	6	40	0	1	0	10	0	300	-0.304136	0.000000	1	-1.182719e-03	-3.028505e-01	inf	11.568508	0.000000	0.069687	16.687633	16.754673	99.599873	33	239	0
	0.310000	0.500000	1.000000	1	6	40	0	1	0	10	0	400	-0.304136	0.000000	1	-1.182719e-03	-3.028505e-01	inf	11.568508	0.000000	0.069687	13.396271	13.463284	99.502253	16	239	0
	0.310000	0.500000	1.000000	1	6	40	0	1	0	10	0	500	-0.304136	0.000000	1	-1.182719e-03	-3.028505e-01	inf	11.568508	0.000000	0.069687	9.689683	9.757109	99.308955	12	239	0
	0.310000	0.500000	1.000000	1	6	40	0	1	0	10	0	300	-0.912407	0.000000	3	-1.213984e-01	-7.649897e-01	inf	26.000587	0.000000	0.002512	12.946506	13.040910	99.276095	27	300	3
	0.310000	0.500000	1.000000	1	6	40	0	1	0	10	0	400	-0.912407	0.000000	3	-7.174451e-04	-7.758603e-01	inf	48.004200	0.000000	0.000016	12.426460	12.498042	99.427254	20	400	3
	0.310000	0.500000	1.000000	1	6	40	0	1	0	10	0	500	-0.912407	0.000000	3	-1.182719e-03	-7.758603e-01	inf	47.737305	0.000000	0.000017	23.525532	23.597258	99.696042	29	406	0
	0.310000	0.500000	1.000000	1	6	40	0	1	0	10	0	300	-1.520679	0.000000	5	-6.046139e-02	-7.758603e-01	inf	25.009527	0.000000	0.003155	2.049496	2.117771	96.776093	5	300	3
	0.310000	0.500000	1.000000	1	6	40	0	1	0	10	0	400	-1.520679	0.000000	5	-5.575005e-04	-7.758603e-01	inf	47.998314	0.000000	0.000016	20.982065	21.053731	99.659604	32	400	3
	0.310000	0.500000	1.000000	1	6	40	0	1	0	10	0	500	-1.520679	0.000000	5	-1.182719e-03	-7.758603e-01	inf	47.737305	0.000000	0.000017	34.346050	34.417764	99.791637	42	406	2
	0.310000	0.500000	1.000000	11	6	40	0	1	0	10	0	300	-0.304136	0.000000	1	-1.182719e-03	-3.028505e-01	inf	11.568508	0.000000	0.069687	5.333904	5.400141	98.773421	4	239	0
	0.310000	0.500000	1.000000	11	6	40	0	1	0	10	0	400	-0.304136	0.000000	1	-1.182719e-03	-3.028505e-01	inf	11.568508	0.000000	0.069687	5.973422	6.039447	98.906770	4	239	0
	0.310000	0.500000	1.000000	11	6	40	0	1	0	10	0	500	-0.304136	0.000000	1	-1.182719e-03	-3.028505e-01	inf	11.568508	0.000000	0.069687	6.339339	6.405487	98.967322	4	239	0
	0.310000	0.500000	1.000000	11	6	40	0	1	0	10	0	300	-0.912407	0.000000	3	-1.182719e-03	-7.758603e-01	inf	18.054556	0.000000	0.015651	72.003518	72.071351	99.905881	42	287	2
	0.310000	0.500000	1.000000	11	6	40	0	1	0	10	0	400	-0.912407	0.000000	3	-1.182719e-03	-7.758603e-01	inf	36.233379	0.000000	0.000238	96.625093	96.696594	99.926057	42	395	2
	0.310000	0.500000	1.000000	11	6	40	0	1	0	10	0	500	-0.912407	0.000000	3	-1.182719e-03	-7.758603e-01	inf	47.737305	0.000000	0.000017	5.448270	5.520185	98.697237	3	406	0
	0.310000	0.500000	1.000000	11	6	40	0	1	0	10	0	300	-1.520679	0.000000	5	-1.193009e-03	-7.758603e-01	inf	17.657129	0.000000	0.017151	74.365707	74.433747	99.908590	42	291	2
	0.310000	0.500000	1.000000	11	6	40	0	1	0	10	0	400	-1.520679	0.000000	5	-1.182719e-03	-7.758603e-01	inf	38.372272	0.000000	0.000145	85.434545	85.506237	99.916156	37	400	3
	0.310000	0.500000	1.000000	11	6	40	0	1	0	10	0	500	-1.520679	0.000000	5	-1.182719e-03	-7.758603e-01	inf	47.737305	0.000000	0.000017	5.425949	5.497981	98.689847	3	406	0
	0.310000	0.500000	1.000000	1	6	40	0	1	0	50	0	300	-0.304136	0.000000	1	-1.182719e-03	-3.028505e-01	inf	11.568508	0.000000	0.069687	19.529901	19.596133	99.662015	39	239	0
	0.310000	0.500000	1.000000	1	6	40	0	1	0	50	0	400	-0.304136	0.000000	1	-1.182719e-03	-3.028505e-01	inf	11.568508	0.000000	0.069687	13.181498	13.247586	99.501132	21	239	0
	0.310000	0.500000	1.000000	1	6	40	0	1	0	50	0	500	-0.304136	0.000000	1	-1.182719e-03	-3.028505e-01	inf	11.568508	0.000000	0.069687	11.717117	11.783196	99.439211	15	239	0
	0.310000	0.500000	1.000000	1	6	40	0	1	0	50	0	300	-0.912407	0.000000	3	-1.206859e-01	-7.565428e-01	inf	25.996954	0.000000	0.002514	16.234284	16.302610	99.580888	32	300	3
	0.310000	0.500000	1.000000	1	6	40	0	1	0	50	0	400	-0.912407	0.000000	3	-5.483688e-04	-7.758603e-01	inf	47.998104	0.000000	0.000016	15.671693	15.743445	99.544243	24	400	3
	0.310000	0.500000	1.000000	1	6	40	0	1	0	50	0	500	-0.912407	0.000000	3	-1.182719e-03	-7.758603e-01	inf	47.737309	0.000000	0.000017	27.870669	27.942453	99.743101	34	406	0
	0.310000	0.500000	1.000000	1	6	40	0	1	0	50	0	300	-1.520679	0.000000	5	-3.929655e-02	-7.758451e-01	inf	24.532633	0.000000	0.003522	1.911838	1.980337	96.541051	5	300	3
	0.310000	0.500000	1.000000	1	6	40	0	1	0	50	0	400	-1.520679	0.000000	5	-4.879688e-04	-7.758603e-01	inf	47.994862	0.000000	0.000016	24.710876	24.782614	99.710530	39	400	3
	0.310000	0.500000	1.000000	1	6	40	0	1	0	50	0	500	-1.520679	0.000000	5	-1.182717e-03	-7.758603e-01	inf	47.737293	0.000000	0.000017	34.075559	34.147483	99.789372	42	406	2
	0.310000	0.500000	1.000000	11	6	40	0	1	0	50	0	300	-0.304136	0.000000	1	-1.182719e-03	-3.028505e-01	inf	11.568508	0.000000	0.069687	5.357347	5.423529	98.779731	4	239	0
	0.310000	0.500000	1.000000	11	6	40	0	1	0	50	0	400	-0.304136	0.000000	1	-1.182719e-03	-3.028505e-01	inf	11.568508	0.000000	0.069687	7.072797	7.138926	99.073685	4	239	0
	0.310000	0.500000	1.000000	11	6	40	0	1	0	50	0	500	-0.304136	0.000000	1	-1.182719e-03	-3.028505e-01	inf	11.568508	0.000000	0.069687	7.414712	7.481328	99.109569	4	239	0
	0.310000	0.500000	1.000000	11	6	40	0	1	0	50	0	300	-0.912407	0.000000	3	-2.784711e-02	-6.915334e-01	inf	20.672987	0.000000	0.008564	5.467439	5.539400	98.700926	4	300	3
	0.310000	0.500000	1.000000	11	6	40	0	1	0	50	0	400	-0.912407	0.000000	3	-4.859414e-03	-7.647975e-01	inf	43.065025	0.000000	0.000049	7.280685	7.353372	99.011516	4	400	3
	0.310000	0.500000	1.000000	11	6	40	0	1	0	50	0	500	-0.912407	0.000000	3	-1.182719e-03	-7.758603e-01	inf	47.737305	0.000000	0.000017	5.683812	5.759479	98.686220	3	406	0
	0.310000	0.500000	1.000000	11	6	40	0	1	0	50	0	300	-1.520679	0.000000	5	-3.021537e-02	-6.925703e-01	inf	20.714523	0.000000	0.008483	5.834716	5.904136	98.824212	4	300	3
	0.310000	0.500000	1.000000	11	6	40	0	1	0	50	0	400	-1.520679	0.000000	5	-5.098801e-03	-7.646867e-01	inf	42.991600	0.000000	0.000050	6.901836	6.975448	98.944699	4	400	3
	0.310000	0.500000	1.000000	11	6	40	0	1	0	50	0	500	-1.520679	0.000000	5	-1.182719e-03	-7.758603e-01	inf	47.737309	0.000000	0.000017	5.684090	5.758871	98.701465	3	406	0
	0.310000	0.500000	1.000000	1	6	40	0	1	0	90	0	300	-0.304136	0.000000	1	-1.182719e-03	-3.028505e-01	inf	11.568508	0.000000	0.069687	21.786233	21.853223	99.693454	42	239	2
	0.310000	0.500000	1.000000	1	6	40	0	1	0	90	0	400	-0.304136	0.000000	1	-1.182719e-03	-3.028505e-01	inf	11.568508	0.000000	0.069687	16.936128	17.003560	99.603425	25	239	0
	0.310000	0.500000	1.000000	1	6	40	0	1	0	90	0	500	-0.304136	0.000000	1	-1.182719e-03	-3.028505e-01	inf	11.568508	0.000000	0.069687	12.951358	13.022841	99.451096	16	239	0
	0.310000	0.500000	1.000000	1	6	40	0	1	0	90	0	300	-0.912407	0.000000	3	-7.717451e-02	-6.886773e-01	inf	25.298685	0.000000	0.002952	2.833618	2.902601	97.623405	7	300	3
	0.310000	0.500000	1.000000	1	6	40	0	1	0	90	0	400	-0.912407	0.000000	3	-4.996854e-04	-7.758603e-01	inf	47.993099	0.000000	0.000016	22.658259	22.730760	99.681046	34	400	3
	0.310000	0.500000	1.000000	1	6	40	0	1	0	90	0	500	-0.912407	0.000000	3	-1.182719e-03	-7.758603e-01	inf	47.737305	0.000000	0.000017	35.434018	35.509205	99.788261	42	406	2
	0.310000	0.500000	1.000000	1	6	40	0	1	0	90	0	300	-1.520679	0.000000	5	-4.078982e-02	-7.755171e-01	inf	24.506977	0.000000	0.003542	3.200728	3.270912	97.854292	7	300	3
	0.310000	0.500000	1.000000	1	6	40	0	1	0	90	0	400	-1.520679	0.000000	5	-5.550746e-03	-7.758603e-01	inf	47.860546	0.000000	0.000016	34.194473	34.268194	99.784871	42	398	2
	0.310000	0.500000	1.000000	1	6	40	0	1	0	90	0	500	-1.520679	0.000000	5	-1.182495e-03	-7.758603e-01	inf	47.737083	0.000000	0.000017	34.077876	34.149734	99.789579	42	406	2
	0.310000	0.500000	1.000000	11	6	40	0	1	0	90	0	300	-0.304136	0.000000	1	-1.182719e-03	-3.028505e-01	inf	11.568508	0.000000	0.069687	5.442351	5.508559	98.798086	4	239	0
	0.310000	0.500000	1.000000	11	6	40	0	1	0	90	0	400	-0.304136	0.000000	1	-1.182719e-03	-3.028505e-01	inf	11.568508	0.000000	0.069687	7.112628	7.178683	99.079844	4	239	0
	0.310000	0.500000	1.000000	11	6	40	0	1	0	90	0	500	-0.304136	0.000000	1	-1.182719e-03	-3.028505e-01	inf	11.568508	0.000000	0.069687	7.662918	7.728972	99.145373	4	239	0
	0.310000	0.500000	1.000000	11	6	40	0	1	0	90	0	300	-0.912407	0.000000	3	-3.061232e-02	-6.926355e-01	inf	20.726185	0.000000	0.008460	5.432089	5.500459	98.757015	4	300	3
	0.310000	0.500000	1.000000	11	6	40	0	1	0	90	0	400	-0.912407	0.000000	3	-5.115988e-03	-7.646061e-01	inf	42.977245	0.000000	0.000050	6.994157	7.101450	98.489138	4	400	3
	0.310000	0.500000	1.000000	11	6	40	0	1	0	90	0	500	-0.912407	0.000000	3	-1.182719e-03	-7.758603e-01	inf	47.737309	0.000000	0.000017	5.638244	5.710488	98.734890	3	406	0
	0.310000	0.500000	1.000000	11	6	40	0	1	0	90	0	300	-1.520679	0.000000	5	-3.494416e-02	-6.952974e-01	inf	20.843824	0.000000	0.008234	5.705918	5.774429	98.813545	4	300	3
	0.310000	0.500000	1.000000	11	6	40	0	1	0	90	0	400	-1.520679	0.000000	5	-5.615216e-03	-7.651356e-01	inf	43.746601	0.000000	0.000042	9.420041	9.491862	99.243342	5	400	3
	0.310000	0.500000	1.000000	11	6	40	0	1	0	90	0	500	-1.520679	0.000000	5	-1.182719e-03	-7.758603e-01	inf	47.737305	0.000000	0.000017	5.635087	5.707110	98.738010	3	406	0
	0.310000	0.500000	1.000000	1	12	40	0	1	0	10	0	300	-0.304136	0.000000	1	-1.182719e-03	-3.028505e-01	inf	11.568508	0.000000	0.069687	19.363493	19.429725	99.659122	42	239	2
	0.310000	0.500000	1.000000	1	12	40	0	1	0	10	0	400	-0.304136	0.000000	1	-1.182719e-03	-3.028505e-01	inf	11.568508	0.000000	0.069687	17.937626	18.003803	99.632427	28	239	0
	0.310000	0.500000	1.000000	1	12	40	0	1	0	10	0	500	-0.304136	0.000000	1	-1.182719e-03	-3.028505e-01	inf	11.568508	0.000000	0.069687	16.381917	16.448113	99.597547	20	239	0
	0.310000	0.500000	1.000000	1	12	40	0	1	0	10	0	300	-0.912407	0.000000	3	-1.213984e-01	-7.649897e-01	inf	26.000587	0.000000	0.002512	13.733092	13.802831	99.494744	27	300	3
	0.310000	0.500000	1.000000	1	12	40	0	1	0	10	0	400	-0.912407	0.000000	3	-7.174451e-04	-7.758603e-01	inf	48.004200	0.000000	0.000016	16.015083	16.086993	99.552992	20	400	3
	0.310000	0.500000	1.000000	1	12	40	0	1	0	10	0	500	-0.912407	0.000000	3	-1.182719e-03	-7.758603e-01	inf	47.737305	0.000000	0.000017	35.210869	35.282905	99.795832	42	406	2
	0.310000	0.500000	1.000000	1	12	40	0	1	0	10	0	300	-1.520679	0.000000	5	-6.046139e-02	-7.758603e-01	inf	25.009527	0.000000	0.003155	2.163775	2.232241	96.932860	5	300	3
	0.310000	0.500000	1.000000	1	12	40	0	1	0	10	0	400	-1.520679	0.000000	5	-5.575005e-04	-7.758603e-01	inf	47.998314	0.000000	0.000016	27.572275	27.644127	99.740083	32	400	3
	0.310000	0.500000	1.000000	1	12	40	0	1	0	10	0	500	-1.520679	0.000000	5	-1.182719e-03	-7.758603e-01	inf	47.737305	0.000000	0.000017	35.464263	35.536283	99.797334	42	406	2
	0.310000	0.500000	1.000000	11	12	40	0	1	0	10	0	300	-0.304136	0.000000	1	-1.182719e-03	-3.028505e-01	inf	11.568508	0.000000	0.069687	5.666631	5.732984	98.842608	4	239	0
	0.310000	0.500000	1.000000	11	12	40	0	1	0	10	0	400	-0.304136	0.000000	1	-1.182719e-03	-3.028505e-01	inf	11.568508	0.000000	0.069687	6.327534	6.432368	98.370214	4	239	0
	0.310000	0.500000	1.000000	11	12	40	0	1	0	10	0	500	-0.304136	0.000000	1	-1.182719e-03	-3.028505e-01	inf	11.568508	0.000000	0.069687	6.661252	6.727539	99.014695	4	239	0
	0.310000	0.500000	1.000000	11	12	40	0	1	0	10	0	300	-0.912407	0.000000	3	-1.182719e-03	-7.758603e-01	inf	18.054556	0.000000	0.015651	77.785968	77.854126	99.912454	42	287	2
	0.310000	0.500000	1.000000	11	12	40	0	1	0	10	0	400	-0.912407	0.000000	3	-1.182719e-03	-7.758603e-01	inf	36.233379	0.000000	0.000238	97.517779	97.590632	99.925348	42	395	2
	0.310000	0.500000	1.000000	11	12	40	0	1	0	10	0	500	-0.912407	0.000000	3	-1.182719e-03	-7.758603e-01	inf	47.737305	0.000000	0.000017	8.535865	8.608038	99.161561	4	406	0
	0.310000	0.500000	1.000000	11	12	40	0	1	0	10	0	300	-1.520679	0.000000	5	-1.193009e-03	-7.758603e-01	inf	17.657129	0.000000	0.017151	75.567015	75.635157	99.909907	42	291	2
	0.310000	0.500000	1.000000	11	12	40	0	1	0	10	0	400	-1.520679	0.000000	5	-1.182719e-03	-7.758603e-01	inf	38.372272	0.000000	0.000145	83.562681	83.634448	99.914190	37	400	3
	0.310000	0.500000	1.000000	11	12	40	0	1	0	10	0	500	-1.520679	0.000000	5	-1.182719e-03	-7.758603e-01	inf	47.737305	0.000000	0.000017	8.460703	8.532800	99.155063	4	406	0
	0.310000	0.500000	1.000000	1	12	40	0	1	0	50	0	300	-0.304136	0.000000	1	-1.182719e-03	-3.028505e-01	inf	11.568508	0.000000	0.069687	21.140468	21.206939	99.686561	42	239	2
	0.310000	0.500000	1.000000	1	12	40	0	1	0	50	0	400	-0.304136	0.000000	1	-1.182719e-03	-3.028505e-01	inf	11.568508	0.000000	0.069687	21.595256	21.661373	99.694771	33	239	0
	0.310000	0.500000	1.000000	1	12	40	0	1	0	50	0	500	-0.304136	0.000000	1	-1.182719e-03	-3.028505e-01	inf	11.568508	0.000000	0.069687	18.211766	18.279456	99.629694	22	239	0
	0.310000	0.500000	1.000000	1	12	40	0	1	0	50	0	300	-0.912407	0.000000	3	-1.206859e-01	-7.565428e-01	inf	25.996954	0.000000	0.002514	17.382899	17.460928	99.553123	32	300	3
	0.310000	0.500000	1.000000	1	12	40	0	1	0	50	0	400	-0.912407	0.000000	3	-5.483688e-04	-7.758603e-01	inf	47.998104	0.000000	0.000016	22.820651	22.897217	99.665610	24	400	3
	0.310000	0.500000	1.000000	1	12	40	0	1	0	50	0	500	-0.912407	0.000000	3	-1.182719e-03	-7.758603e-01	inf	47.737305	0.000000	0.000017	39.514967	39.607885	99.765406	42	406	2
	0.310000	0.500000	1.000000	1	12	40	0	1	0	50	0	300	-1.520679	0.000000	5	-3.929655e-02	-7.758451e-01	inf	24.532633	0.000000	0.003522	2.653103	2.741791	96.765330	5	300	3
	0.310000	0.500000	1.000000	1	12	40	0	1	0	50	0	400	-1.520679	0.000000	5	-4.879688e-04	-7.758603e-01	inf	47.994862	0.000000	0.000016	27.878471	27.969474	99.674635	39	400	3
	0.310000	0.500000	1.000000	1	12	40	0	1	0	50	0	500	-1.520679	0.000000	5	-1.182717e-03	-7.758603e-01	inf	47.737293	0.000000	0.000017	36.906753	36.979535	99.803184	42	406	2
	0.310000	0.500000	1.000000	11	12	40	0	1	0	50	0	300	-0.304136	0.000000	1	-1.182719e-03	-3.028505e-01	inf	11.568508	0.000000	0.069687	5.606006	5.673405	98.812022	4	239	0
	0.310000	0.500000	1.000000	11	12	40	0	1	0	50	0	400	-0.304136	0.000000	1	-1.182719e-03	-3.028505e-01	inf	11.568508	0.000000	0.069687	7.008185	7.074433	99.063555	4	239	0
	0.310000	0.500000	1.000000	11	12	40	0	1	0	50	0	500	-0.304136	0.000000	1	-1.182719e-03	-3.028505e-01	inf	11.568508	0.000000	0.069687	7.252708	7.318984	99.094463	4	239	0
	0.310000	0.500000	1.000000	11	12	40	0	1	0	50	0	300	-0.912407	0.000000	3	-2.784711e-02	-6.915334e-01	inf	20.672987	0.000000	0.008564	5.460236	5.528637	98.762785	4	300	3
	0.310000	0.500000	1.000000	11	12	40	0	1	0	50	0	400	-0.912407	0.000000	3	-4.859414e-03	-7.647975e-01	inf	43.065025	0.000000	0.000049	6.910841	6.982575	98.972672	4	400	3
	0.310000	0.500000	1.000000	11	12	40	0	1	0	50	0	500	-0.912407	0.000000	3	-1.182719e-03	-7.758603e-01	inf	47.737305	0.000000	0.000017	8.413313	8.485429	99.150118	4	406	0
	0.310000	0.500000	1.000000	11	12	40	0	1	0	50	0	300	-1.520679	0.000000	5	-3.021537e-02	-6.925703e-01	inf	20.714523	0.000000	0.008483	5.606475	5.674988	98.792721	4	300	3
	0.310000	0.500000	1.000000	11	12	40	0	1	0	50	0	400	-1.520679	0.000000	5	-5.098801e-03	-7.646867e-01	inf	42.991600	0.000000	0.000050	7.286328	7.358199	99.023249	4	400	3
	0.310000	0.500000	1.000000	11	12	40	0	1	0	50	0	500	-1.520679	0.000000	5	-1.182719e-03	-7.758603e-01	inf	47.737305	0.000000	0.000017	11.189150	11.261229	99.359937	5	406	0
	0.310000	0.500000	1.000000	1	12	40	0	1	0	90	0	300	-0.304136	0.000000	1	-1.182719e-03	-3.028505e-01	inf	11.568508	0.000000	0.069687	21.639317	21.705679	99.694264	42	239	2
	0.310000	0.500000	1.000000	1	12	40	0	1	0	90	0	400	-0.304136	0.000000	1	-1.182719e-03	-3.028505e-01	inf	11.568508	0.000000	0.069687	36.805970	36.872198	99.820385	42	239	2
	0.310000	0.500000	1.000000	1	12	40	0	1	0	90	0	500	-0.304136	0.000000	1	-1.182719e-03	-3.028505e-01	inf	11.568508	0.000000	0.069687	21.338094	21.404260	99.690874	26	239	0
	0.310000	0.500000	1.000000	1	12	40	0	1	0	90	0	300	-0.912407	0.000000	3	-7.717451e-02	-6.886773e-01	inf	25.298685	0.000000	0.002952	3.173475	3.241947	97.887939	7	300	3
	0.310000	0.500000	1.000000	1	12	40	0	1	0	90	0	400	-0.912407	0.000000	3	-4.996854e-04	-7.758603e-01	inf	47.993099	0.000000	0.000016	22.392713	22.464620	99.679910	34	400	3
	0.310000	0.500000	1.000000	1	12	40	0	1	0	90	0	500	-0.912407	0.000000	3	-1.182719e-03	-7.758603e-01	inf	47.737305	0.000000	0.000017	35.067574	35.139552	99.795165	42	406	2
	0.310000	0.500000	1.000000	1	12	40	0	1	0	90	0	300	-1.520679	0.000000	5	-4.078982e-02	-7.755171e-01	inf	24.506977	0.000000	0.003542	3.189955	3.258444	97.898112	7	300	3
	0.310000	0.500000	1.000000	1	12	40	0	1	0	90	0	400	-1.520679	0.000000	5	-5.550746e-03	-7.758603e-01	inf	47.860546	0.000000	0.000016	29.763991	29.835794	99.759339	42	398	2
	0.310000	0.500000	1.000000	1	12	40	0	1	0	90	0	500	-1.520679	0.000000	5	-1.182495e-03	-7.758603e-01	inf	47.737083	0.000000	0.000017	34.844062	34.916038	99.793859	42	406	2
	0.310000	0.500000	1.000000	11	12	40	0	1	0	90	0	300	-0.304136	0.000000	1	-1.182719e-03	-3.028505e-01	inf	11.568508	0.000000	0.069687	7.276013	7.342277	99.097502	5	239	0
	0.310000	0.500000	1.000000	11	12	40	0	1	0	90	0	400	-0.304136	0.000000	1	-1.182719e-03	-3.028505e-01	inf	11.568508	0.000000	0.069687	6.901734	6.967857	99.051031	4	239	0
	0.310000	0.500000	1.000000	11	12	40	0	1	0	90	0	500	-0.304136	0.000000	1	-1.182719e-03	-3.028505e-01	inf	11.568508	0.000000	0.069687	7.909377	7.975629	99.169317	4	239	0
	0.310000	0.500000	1.000000	11	12	40	0	1	0	90	0	300	-0.912407	0.000000	3	-3.061232e-02	-6.926355e-01	inf	20.726185	0.000000	0.008460	5.594614	5.663150	98.789794	4	300	3
	0.310000	0.500000	1.000000	11	12	40	0	1	0	90	0	400	-0.912407	0.000000	3	-5.115988e-03	-7.646061e-01	inf	42.977245	0.000000	0.000050	7.450779	7.542942	98.778158	4	400	3
	0.310000	0.500000	1.000000	11	12	40	0	1	0	90	0	500	-0.912407	0.000000	3	-1.182719e-03	-7.758603e-01	inf	47.737305	0.000000	0.000017	11.228498	11.300589	99.362059	5	406	0
	0.310000	0.500000	1.000000	11	12	40	0	1	0	90	0	300	-1.520679	0.000000	5	-3.494416e-02	-6.952974e-01	inf	20.843824	0.000000	0.008234	5.605198	5.673621	98.794019	4	300	3
	0.310000	0.500000	1.000000	11	12	40	0	1	0	90	0	400	-1.520679	0.000000	5	-5.615216e-03	-7.651356e-01	inf	43.746601	0.000000	0.000042	9.738636	9.810490	99.267581	5	400	3
	0.310000	0.500000	1.000000	11	12	40	0	1	0	90	0	500	-1.520679	0.000000	5	-1.182719e-03	-7.758603e-01	inf	47.737305	0.000000	0.000017	11.212214	11.284347	99.360767	5	406	0
