

 ============== Excution Marking =================
 	Sun Sep 10 00:52:31 2017
 =================================================


MKL Double 
	 h 	 gm 	 fe 	 nb_cntr_point 	 eps 	 max_refin_loop 	 guess_M0 	 cnvgce_trace_Resdl 	 intgr_Gauss_Trapez_Zolot 	 cntr_ratio 	 Run_Q_M0 	 M0 	 Emin 	 Emax 	 Scaling_Emin 	 Found M 	 Found Emin 	 Found Emax 	 PSNR0 	 PSNR 	 MSE0 	 MSE	 Solver time  	 Totale time 	 EigenAnalysis % 	 #Iterations 	 Nh 	  info 
	0.310000	0.500000	1.000000	 N/A 	 N/A 	 N/A 	 N/A 	 N/A 	 N/A 	 N/A 	 N/A 	 N/A 	 N/A 	 N/A 	 N/A 	 1811	-8.295933e-05	-7.758208e-01	inf	48.399628	0.000000	0.000014	5.411122	7.002513	77.274001	N/A	1811	0
Feast Double
	 h 	 gm 	 fe 	 nb_cntr_point 	 eps 	 max_refin_loop 	 guess_M0 	 cnvgce_trace_Resdl 	 intgr_Gauss_Trapez_Zolot 	 cntr_ratio 	 Run_Q_M0 	 M0 	 Emin 	 Emax 	 Scaling_Emin 	 Found M 	 Found Emin 	 Found Emax 	 PSNR0 	 PSNR 	 MSE0 	 MSE	 Solver time  	 Totale time 	 EigenAnalysis % 	 #Iterations 	 Nh 	  info
	0.310000	0.500000	1.000000	1	6	20	0	1	0	10	0	4096	-1.533158	0.000000	1	

 ============== Excution Marking =================
 	Sun Sep 10 00:55:55 2017
 =================================================


MKL Double 
	 h 	 gm 	 fe 	 nb_cntr_point 	 eps 	 max_refin_loop 	 guess_M0 	 cnvgce_trace_Resdl 	 intgr_Gauss_Trapez_Zolot 	 cntr_ratio 	 Run_Q_M0 	 M0 	 Emin 	 Emax 	 Scaling_Emin 	 Found M 	 Found Emin 	 Found Emax 	 PSNR0 	 PSNR 	 MSE0 	 MSE	 Solver time  	 Totale time 	 EigenAnalysis % 	 #Iterations 	 Nh 	  info 
	0.310000	0.500000	1.000000	 N/A 	 N/A 	 N/A 	 N/A 	 N/A 	 N/A 	 N/A 	 N/A 	 N/A 	 N/A 	 N/A 	 N/A 	 1811	-8.295933e-05	-7.758208e-01	inf	48.399628	0.000000	0.000014	4.270724	5.567733	76.704900	N/A	1811	0
Feast Double
	 h 	 gm 	 fe 	 nb_cntr_point 	 eps 	 max_refin_loop 	 guess_M0 	 cnvgce_trace_Resdl 	 intgr_Gauss_Trapez_Zolot 	 cntr_ratio 	 Run_Q_M0 	 M0 	 Emin 	 Emax 	 Scaling_Emin 	 Found M 	 Found Emin 	 Found Emax 	 PSNR0 	 PSNR 	 MSE0 	 MSE	 Solver time  	 Totale time 	 EigenAnalysis % 	 #Iterations 	 Nh 	  info
	0.310000	0.500000	1.000000	1	6	20	0	1	0	10	0	4096	-1.533158	0.000000	1	1811	-8.270640e-05	-7.758208e-01	inf	48.399696	0.000000	0.000014	1150.795587	1152.150533	99.882399	22	1811	2
	0.310000	0.500000	1.000000	9	6	20	0	1	0	10	0	4096	-1.533158	0.000000	1	1811	-8.295933e-05	-7.758208e-01	inf	48.399628	0.000000	0.000014	145.812002	147.009125	99.185681	3	1811	0
	0.310000	0.500000	1.000000	17	6	20	0	1	0	10	0	4096	-1.533158	0.000000	1	1811	-8.270640e-05	-7.758208e-01	inf	48.399696	0.000000	0.000014	1240.797292	1242.179659	99.888714	22	1811	2
	0.310000	0.500000	1.000000	9	6	20	0	1	0	10	0	4096	-1.533158	0.000000	1	1811	-8.295933e-05	-7.758208e-01	inf	48.399628	0.000000	0.000014	178.755713	180.042393	99.285346	3	1811	0
	0.310000	0.500000	1.000000	1	6	20	0	1	0	50	0	4096	-1.533158	0.000000	1	1811	-8.295933e-05	-7.758208e-01	inf	48.399628	0.000000	0.000014	167.366744	168.647393	99.240635	3	1811	0
	0.310000	0.500000	1.000000	17	6	20	0	1	0	10	0	4096	-1.533158	0.000000	1	1811	-8.295933e-05	-7.758208e-01	inf	48.399628	0.000000	0.000014	182.752020	184.068358	99.284865	3	1811	0
	0.310000	0.500000	1.000000	1	6	20	0	1	0	50	0	4096	-1.533158	0.000000	1	1811	-8.055543e-05	-7.758208e-01	inf	48.399956	0.000000	0.000014	1150.905093	1152.055613	99.900133	22	1811	2
	0.310000	0.500000	1.000000	9	6	20	0	1	0	50	0	4096	-1.533158	0.000000	1	1811	-8.295932e-05	-7.758208e-01	inf	48.399632	0.000000	0.000014	165.994216	167.422144	99.147109	3	1811	0
	0.310000	0.500000	1.000000	17	6	20	0	1	0	50	0	4096	-1.533158	0.000000	1	1811	-8.055543e-05	-7.758208e-01	inf	48.399956	0.000000	0.000014	1140.474922	1141.694968	99.893137	22	1811	2
	0.310000	0.500000	1.000000	9	6	20	0	1	0	50	0	4096	-1.533158	0.000000	1	1811	-8.295933e-05	-7.758208e-01	inf	48.399628	0.000000	0.000014	192.318814	193.545872	99.366012	3	1811	0
	0.310000	0.500000	1.000000	1	6	20	0	1	0	90	0	4096	-1.533158	0.000000	1	1811	-8.295932e-05	-7.758208e-01	inf	48.399632	0.000000	0.000014	159.345646	160.612916	99.210979	3	1811	0
	0.310000	0.500000	1.000000	17	6	20	0	1	0	50	0	4096	-1.533158	0.000000	1	1811	-8.295933e-05	-7.758208e-01	inf	48.399628	0.000000	0.000014	214.999558	216.370647	99.366324	3	1811	0
	0.310000	0.500000	1.000000	1	6	20	0	1	0	90	0	4096	-1.533158	0.000000	1	1811	-2.973461e-05	-7.758208e-01	inf	48.403893	0.000000	0.000014	1655.231651	1656.436919	99.927237	22	1811	2
	0.310000	0.500000	1.000000	9	6	20	0	1	0	90	0	4096	-1.533158	0.000000	1	1811	-8.295933e-05	-7.758208e-01	inf	48.399628	0.000000	0.000014	239.778499	241.116295	99.445166	4	1811	0
	0.310000	0.500000	1.000000	17	6	20	0	1	0	90	0	4096	-1.533158	0.000000	1	1811	-2.973461e-05	-7.758208e-01	inf	48.403893	0.000000	0.000014	1644.575746	1646.243416	99.898698	22	1811	2
	0.310000	0.500000	1.000000	9	6	20	0	1	0	90	0	4096	-1.533158	0.000000	1	1811	-8.295933e-05	-7.758208e-01	inf	48.399628	0.000000	0.000014	194.104988	195.319094	99.378399	3	1811	0
	0.310000	0.500000	1.000000	1	6	20	0	1	1	10	0	4096	-1.533158	0.000000	1	1811	-8.295933e-05	-7.758208e-01	inf	48.399628	0.000000	0.000014	239.831371	241.267269	99.404852	4	1811	0
	0.310000	0.500000	1.000000	17	6	20	0	1	0	90	0	4096	-1.533158	0.000000	1	1811	-8.295933e-05	-7.758208e-01	inf	48.399628	0.000000	0.000014	194.604892	195.915624	99.330971	3	1811	0
	0.310000	0.500000	1.000000	1	6	20	0	1	1	10	0	4096	-1.533158	0.000000	1	1811	-8.270640e-05	-7.758208e-01	inf	48.399696	0.000000	0.000014	1159.847470	1161.051097	99.896333	22	1811	2
	0.310000	0.500000	1.000000	9	6	20	0	1	1	10	0	4096	-1.533158	0.000000	1	1811	-8.295933e-05	-7.758208e-01	inf	48.399624	0.000000	0.000014	162.775782	164.003663	99.251309	3	1811	0
	0.310000	0.500000	1.000000	17	6	20	0	1	1	10	0	4096	-1.533158	0.000000	1	1811	-8.270640e-05	-7.758208e-01	inf	48.399696	0.000000	0.000014	1153.654563	1154.890433	99.892988	22	1811	2
	0.310000	0.500000	1.000000	9	6	20	0	1	1	10	0	4096	-1.533158	0.000000	1	1811	-8.295933e-05	-7.758208e-01	inf	48.399628	0.000000	0.000014	193.717953	194.930048	99.378190	3	1811	0
	0.310000	0.500000	1.000000	1	6	20	0	1	1	50	0	4096	-1.533158	0.000000	1	1811	-8.295933e-05	-7.758208e-01	inf	48.399624	0.000000	0.000014	166.286165	167.608338	99.211153	3	1811	0
	0.310000	0.500000	1.000000	17	6	20	0	1	1	10	0	4096	-1.533158	0.000000	1	1811	-8.295933e-05	-7.758208e-01	inf	48.399628	0.000000	0.000014	200.063949	201.298930	99.386494	3	1811	0
	0.310000	0.500000	1.000000	1	6	20	0	1	1	50	0	4096	-1.533158	0.000000	1	1811	-8.055543e-05	-7.758208e-01	inf	48.399956	0.000000	0.000014	1175.337392	1176.586119	99.893869	22	1811	2
	0.310000	0.500000	1.000000	9	6	20	0	1	1	50	0	4096	-1.533158	0.000000	1	1811	-8.055543e-05	-7.758208e-01	inf	48.399956	0.000000	0.000014	1145.822281	1147.061834	99.891937	22	1811	2
	0.310000	0.500000	1.000000	9	6	20	0	1	1	50	0	4096	-1.533158	0.000000	1	1811	-8.295933e-05	-7.758208e-01	inf	48.399628	0.000000	0.000014	307.975534	309.184545	99.608968	5	1811	0
	0.310000	0.500000	1.000000	17	6	20	0	1	1	50	0	4096	-1.533158	0.000000	1	1811	-8.295933e-05	-7.758208e-01	inf	48.399628	0.000000	0.000014	192.166439	193.465045	99.328764	3	1811	0
	0.310000	0.500000	1.000000	1	6	20	0	1	1	90	0	4096	-1.533158	0.000000	1	1811	-8.295933e-05	-7.758208e-01	inf	48.399628	0.000000	0.000014	308.112066	309.350405	99.599697	5	1811	0
	0.310000	0.500000	1.000000	17	6	20	0	1	1	50	0	4096	-1.533158	0.000000	1	1811	-8.295933e-05	-7.758208e-01	inf	48.399628	0.000000	0.000014	196.520250	197.786914	99.359581	3	1811	0
	0.310000	0.500000	1.000000	1	6	20	0	1	1	90	0	4096	-1.533158	0.000000	1	1811	-2.973461e-05	-7.758208e-01	inf	48.403893	0.000000	0.000014	1173.501334	1174.724447	99.895881	22	1811	2
	0.310000	0.500000	1.000000	9	6	20	0	1	1	90	0	4096	-1.533158	0.000000	1	1811	-2.973461e-05	-7.758208e-01	inf	48.403893	0.000000	0.000014	1160.166355	1161.435688	99.890710	22	1811	2
	0.310000	0.500000	1.000000	9	6	20	0	1	1	90	0	4096	-1.533158	0.000000	1	1811	-8.295932e-05	-7.758208e-01	inf	48.399628	0.000000	0.000014	370.599708	371.837148	99.667209	6	1811	0
	0.310000	0.500000	1.000000	17	6	20	0	1	1	90	0	4096	-1.533158	0.000000	1	1811	-8.295932e-05	-7.758208e-01	inf	48.399628	0.000000	0.000014	374.432505	375.643472	99.677629	6	1811	0
	0.310000	0.500000	1.000000	17	6	20	0	1	1	90	0	4096	-1.533158	0.000000	1	1811	-8.295933e-05	-7.758208e-01	inf	48.399628	0.000000	0.000014	284.751722	286.082452	99.534844	4	1811	0
	0.310000	0.500000	1.000000	1	6	20	0	1	2	10	0	4096	-1.533158	0.000000	1	1811	-8.295933e-05	-7.758208e-01	inf	48.399628	0.000000	0.000014	276.377270	277.664760	99.536315	4	1811	0
	0.310000	0.500000	1.000000	1	6	20	0	1	2	10	0	4096	-1.533158	0.000000	1	1811	-8.293443e-05	-7.758208e-01	inf	48.399643	0.000000	0.000014	1179.618335	1180.844002	99.896204	22	1811	2
	0.310000	0.500000	1.000000	9	6	20	0	1	2	10	0	4096	-1.533158	0.000000	1	1811	-8.295932e-05	-7.758208e-01	inf	48.399624	0.000000	0.000014	234.122011	235.357822	99.474922	4	1811	0
	0.310000	0.500000	1.000000	17	6	20	0	1	2	10	0	4096	-1.533158	0.000000	1	1811	-8.293443e-05	-7.758208e-01	inf	48.399643	0.000000	0.000014	1150.341290	1151.664599	99.885096	22	1811	2
	0.310000	0.500000	1.000000	9	6	20	0	1	2	10	0	4096	-1.533158	0.000000	1	1811	-8.295933e-05	-7.758208e-01	inf	48.399628	0.000000	0.000014	192.727309	194.010093	99.338806	3	1811	0
	0.310000	0.500000	1.000000	1	6	20	0	1	2	50	0	4096	-1.533158	0.000000	1	1811	-8.295932e-05	-7.758208e-01	inf	48.399624	0.000000	0.000014	234.820420	236.096163	99.459651	4	1811	0
	0.310000	0.500000	1.000000	17	6	20	0	1	2	10	0	4096	-1.533158	0.000000	1	1811	-8.295933e-05	-7.758208e-01	inf	48.399628	0.000000	0.000014	199.044589	200.301402	99.372539	3	1811	0
	0.310000	0.500000	1.000000	1	6	20	0	1	2	50	0	4096	-1.533158	0.000000	1	1811	-8.293443e-05	-7.758208e-01	inf	48.399643	0.000000	0.000014	1140.678836	1141.900704	99.892997	22	1811	2
	0.310000	0.500000	1.000000	9	6	20	0	1	2	50	0	4096	-1.533158	0.000000	1	1811	-8.295932e-05	-7.758208e-01	inf	48.399624	0.000000	0.000014	237.355028	238.634217	99.463954	4	1811	0
	0.310000	0.500000	1.000000	17	6	20	0	1	2	50	0	4096	-1.533158	0.000000	1	1811	-8.293443e-05	-7.758208e-01	inf	48.399643	0.000000	0.000014	1159.241762	1160.483256	99.893019	22	1811	2
	0.310000	0.500000	1.000000	9	6	20	0	1	2	50	0	4096	-1.533158	0.000000	1	1811	-8.295933e-05	-7.758208e-01	inf	48.399628	0.000000	0.000014	185.891431	187.094853	99.356785	3	1811	0
	0.310000	0.500000	1.000000	1	6	20	0	1	2	90	0	4096	-1.533158	0.000000	1	1811	-8.295932e-05	-7.758208e-01	inf	48.399624	0.000000	0.000014	237.001079	238.262026	99.470773	4	1811	0
	0.310000	0.500000	1.000000	17	6	20	0	1	2	50	0	4096	-1.533158	0.000000	1	1811	-8.295933e-05	-7.758208e-01	inf	48.399628	0.000000	0.000014	194.094554	195.311343	99.377000	3	1811	0
	0.310000	0.500000	1.000000	1	6	20	0	1	2	90	0	4096	-1.533158	0.000000	1	1811	-8.293443e-05	-7.758208e-01	inf	48.399643	0.000000	0.000014	1157.571842	1158.839116	99.890643	22	1811	2
	0.310000	0.500000	1.000000	9	6	20	0	1	2	90	0	4096	-1.533158	0.000000	1	1811	-8.295932e-05	-7.758208e-01	inf	48.399624	0.000000	0.000014	229.352030	230.558206	99.476845	4	1811	0
	0.310000	0.500000	1.000000	17	6	20	0	1	2	90	0	4096	-1.533158	0.000000	1	1811	-8.293443e-05	-7.758208e-01	inf	48.399643	0.000000	0.000014	1168.521775	1169.781506	99.892311	22	1811	2
	0.310000	0.500000	1.000000	9	6	20	0	1	2	90	0	4096	-1.533158	0.000000	1	1811	-8.295933e-05	-7.758208e-01	inf	48.399628	0.000000	0.000014	189.704781	190.898881	99.374486	3	1811	0
1811	-8.295932e-05	-7.758208e-01	inf	48.399624	0.000000	0.000014	245.077422	246.283623	99.510239	4	1811	0
	0.310000	0.500000	1.000000	17	6	20	0	1	2	90	0	4096	-1.533158	0.000000	1	1811	-8.295933e-05	-7.758208e-01	inf	48.399628	0.000000	0.000014	175.968413	177.216237	99.295875	3	1811	0
