MKL Double 
	 h 	 gm 	 fe 	 nb_cntr_point 	 eps 	 max_refin_loop 	 guess_M0 	 cnvgce_trace_Resdl 	 intgr_Gauss_Trapez_Zolot 	 cntr_ratio 	 Run_Q_M0 	 M0 	 Emin 	 Emax 	 Scaling_Emin 	 Found Emin 	 Found Emax 	 PSNR0 	 PSNR 	 MSE0 	 MSE	 Solver time  	 Totale time 	 EigenAnalysis % 	 #Iterations 	 Nh 	  info 
	0.310000	0.500000	1.000000	 N/A 	 N/A 	 N/A 	 N/A 	 N/A 	 N/A 	 N/A 	 N/A 	 N/A 	 N/A 	 N/A 	 N/A 	 -8.295933e-05	-7.758208e-01	inf	48.399628	0.000000	0.000014	15.590663	16.732963	93.173355	N/A	1811	0
Feast Double
	 h 	 gm 	 fe 	 nb_cntr_point 	 eps 	 max_refin_loop 	 guess_M0 	 cnvgce_trace_Resdl 	 intgr_Gauss_Trapez_Zolot 	 cntr_ratio 	 Run_Q_M0 	 M0 	 Emin 	 Emax 	 Scaling_Emin 	 Found Emin 	 Found Emax 	 PSNR0 	 PSNR 	 MSE0 	 MSE	 Solver time  	 Totale time 	 EigenAnalysis % 	 #Iterations 	 Nh 	  info
	0.310000	0.500000	1.000000	1	6	20	0	1	0	10	0	1711	-0.511053	0.000000	1	-8.237685e-05	-5.109041e-01	inf	17.833361	0.000000	0.016469	936.618132	937.684935	99.886230	22	1489	2
	0.310000	0.500000	1.000000	1	6	20	0	1	0	10	0	1389	-1.533158	0.000000	3	-5.306308e-02	-7.758208e-01	inf	25.898556	0.000000	0.002571	126.496659	127.580695	99.150313	5	1389	3
	0.310000	0.500000	1.000000	1	6	20	0	1	0	10	0	1489	-1.533158	0.000000	3	-3.767821e-02	-7.758208e-01	inf	29.206589	0.000000	0.001200	189.622593	190.674750	99.448193	6	1489	3
	0.310000	0.500000	1.000000	1	6	20	0	1	0	10	0	1589	-1.533158	0.000000	3	-1.782525e-02	-7.758208e-01	inf	33.447266	0.000000	0.000452	235.410949	236.466366	99.553671	7	1589	3
	0.310000	0.500000	1.000000	1	6	20	0	1	0	10	0	1689	-1.533158	0.000000	3	-6.002945e-03	-7.758208e-01	inf	40.457115	0.000000	0.000090	451.361003	452.550465	99.737165	11	1689	3
	0.310000	0.500000	1.000000	1	6	20	0	1	0	10	0	1789	-1.533158	0.000000	3	-1.490164e-04	-7.758208e-01	inf	48.029743	0.000000	0.000016	1029.694726	1030.828088	99.890053	22	1779	2
	0.310000	0.500000	1.000000	1	6	20	0	1	0	10	0	1889	-1.533158	0.000000	3	-2.756856e-04	-7.758208e-01	inf	48.446930	0.000000	0.000014	1060.056248	1061.171360	99.894917	22	1805	2
	0.310000	0.500000	1.000000	1	6	20	0	1	0	10	0	1989	-1.533158	0.000000	3	-2.155615e-04	-7.758208e-01	inf	48.408882	0.000000	0.000014	1156.117426	1157.234051	99.903509	22	1809	2
	0.310000	0.500000	1.000000	1	6	20	0	1	0	10	0	1709	-2.555264	0.000000	5	-2.289539e-03	-7.758208e-01	inf	41.796993	0.000000	0.000066	742.181140	743.274225	99.852937	18	1709	3
	0.310000	0.500000	1.000000	1	6	20	0	1	0	10	0	1809	-2.555264	0.000000	5	-4.915357e-05	-7.758208e-01	inf	47.293247	0.000000	0.000019	1009.287863	1010.398455	99.890084	22	1772	2
	0.310000	0.500000	1.000000	1	6	20	0	1	0	10	0	1909	-2.555264	0.000000	5	-3.561580e-04	-7.758208e-01	inf	48.428432	0.000000	0.000014	1114.050749	1115.167256	99.899880	22	1797	2
	0.310000	0.500000	1.000000	11	6	20	0	1	0	10	0	1697	-0.511053	0.000000	1	-8.295933e-05	-5.109042e-01	inf	17.833923	0.000000	0.016467	378.278397	379.308067	99.728540	4	1489	0
	0.310000	0.500000	1.000000	11	6	20	0	1	0	10	0	1389	-1.533158	0.000000	3	-1.491963e-03	-7.758208e-01	inf	16.832932	0.000000	0.020735	2122.463831	2123.419672	99.954986	22	1301	2
	0.310000	0.500000	1.000000	11	6	20	0	1	0	10	0	1489	-1.533158	0.000000	3	-1.477028e-03	-7.758208e-01	inf	18.586464	0.000000	0.013847	2287.232564	2288.221319	99.956789	22	1409	2
	0.310000	0.500000	1.000000	11	6	20	0	1	0	10	0	1589	-1.533158	0.000000	3	-1.472006e-03	-7.758208e-01	inf	21.362743	0.000000	0.007307	2451.346356	2452.394424	99.957263	22	1536	2
	0.310000	0.500000	1.000000	11	6	20	0	1	0	10	0	1689	-1.533158	0.000000	3	-1.001242e-03	-7.758208e-01	inf	25.573839	0.000000	0.002771	2639.354122	2640.441837	99.958806	22	1644	2
	0.310000	0.500000	1.000000	11	6	20	0	1	0	10	0	1789	-1.533158	0.000000	3	-9.144804e-04	-7.758208e-01	inf	39.728050	0.000000	0.000106	2807.520206	2808.785707	99.954945	22	1779	2
	0.310000	0.500000	1.000000	11	6	20	0	1	0	10	0	1889	-1.533158	0.000000	3	-8.295933e-05	-7.758208e-01	inf	48.399628	0.000000	0.000014	417.704078	418.818100	99.734008	4	1811	0
	0.310000	0.500000	1.000000	11	6	20	0	1	0	10	0	1989	-1.533158	0.000000	3	-8.295933e-05	-7.758208e-01	inf	48.399628	0.000000	0.000014	291.614017	292.730249	99.618682	3	1811	0
	0.310000	0.500000	1.000000	11	6	20	0	1	0	10	0	1711	-2.555264	0.000000	5	-1.818427e-03	-7.758208e-01	inf	29.347364	0.000000	0.001162	3221.598632	3222.694824	99.965985	22	1703	2
	0.310000	0.500000	1.000000	11	6	20	0	1	0	10	0	1811	-2.555264	0.000000	5	-5.328291e-05	-7.758208e-01	inf	48.397190	0.000000	0.000014	1220.163447	1221.297050	99.907180	10	1811	3
	0.310000	0.500000	1.000000	11	6	20	0	1	0	10	0	1911	-2.555264	0.000000	5	-8.295933e-05	-7.758208e-01	inf	48.399628	0.000000	0.000014	445.815101	446.975133	99.740471	4	1811	0
	0.310000	0.500000	1.000000	11	6	20	0	1	0	10	0	2011	-2.555264	0.000000	5	-8.295933e-05	-7.758208e-01	inf	48.399628	0.000000	0.000014	304.375147	305.597595	99.599981	3	1811	0
	0.310000	0.500000	1.000000	1	6	20	0	1	0	50	0	1711	-0.511053	0.000000	1	-7.989392e-05	-5.109009e-01	inf	17.832912	0.000000	0.016471	899.031419	900.067754	99.884860	22	1489	2
	0.310000	0.500000	1.000000	1	6	20	0	1	0	50	0	1389	-1.533158	0.000000	3	-5.219869e-02	-7.758197e-01	inf	25.843975	0.000000	0.002604	136.456921	137.440448	99.284398	6	1389	3
	0.310000	0.500000	1.000000	1	6	20	0	1	0	50	0	1489	-1.533158	0.000000	3	-2.352539e-02	-7.758202e-01	inf	28.632771	0.000000	0.001370	162.971013	164.006510	99.368624	6	1489	3
	0.310000	0.500000	1.000000	1	6	20	0	1	0	50	0	1589	-1.533158	0.000000	3	-1.438679e-02	-7.758208e-01	inf	33.172489	0.000000	0.000482	264.469177	265.531503	99.599925	8	1589	3
	0.310000	0.500000	1.000000	1	6	20	0	1	0	50	0	1689	-1.533158	0.000000	3	-5.034692e-03	-7.758208e-01	inf	40.291718	0.000000	0.000094	525.292472	526.450149	99.780097	13	1689	3
	0.310000	0.500000	1.000000	1	6	20	0	1	0	50	0	1789	-1.533158	0.000000	3	-5.798873e-04	-7.758208e-01	inf	47.664207	0.000000	0.000017	995.973704	997.082862	99.888760	22	1773	2
	0.310000	0.500000	1.000000	1	6	20	0	1	0	50	0	1889	-1.533158	0.000000	3	-1.840387e-04	-7.758208e-01	inf	48.457825	0.000000	0.000014	1096.257811	1097.374519	99.898238	22	1801	2
	0.310000	0.500000	1.000000	1	6	20	0	1	0	50	0	1989	-1.533158	0.000000	3	-4.048517e-04	-7.758208e-01	inf	48.422859	0.000000	0.000014	1155.844028	1156.957141	99.903790	22	1808	2
	0.310000	0.500000	1.000000	1	6	20	0	1	0	50	0	1708	-2.555264	0.000000	5	-2.644368e-03	-7.758208e-01	inf	41.690712	0.000000	0.000068	884.173250	885.265905	99.876573	22	1708	3
	0.310000	0.500000	1.000000	1	6	20	0	1	0	50	0	1808	-2.555264	0.000000	5	-4.392795e-04	-7.758208e-01	inf	46.311581	0.000000	0.000023	988.317445	989.422801	99.888283	22	1763	2
	0.310000	0.500000	1.000000	1	6	20	0	1	0	50	0	1908	-2.555264	0.000000	5	-9.089653e-05	-7.758208e-01	inf	48.184639	0.000000	0.000015	1107.240573	1108.358572	99.899130	22	1789	2
	0.310000	0.500000	1.000000	11	6	20	0	1	0	50	0	1689	-0.511053	0.000000	1	-8.295933e-05	-5.109042e-01	inf	17.833923	0.000000	0.016467	382.359369	383.385334	99.732393	4	1489	0
	0.310000	0.500000	1.000000	11	6	20	0	1	0	50	0	1389	-1.533158	0.000000	3	-2.847323e-02	-6.907206e-01	inf	21.303055	0.000000	0.007408	306.332121	307.320396	99.678422	4	1389	3
	0.310000	0.500000	1.000000	11	6	20	0	1	0	50	0	1489	-1.533158	0.000000	3	-2.322546e-02	-7.089233e-01	inf	23.830973	0.000000	0.004139	357.758385	358.777349	99.715990	4	1489	3
	0.310000	0.500000	1.000000	11	6	20	0	1	0	50	0	1589	-1.533158	0.000000	3	-1.763275e-02	-7.338125e-01	inf	27.248419	0.000000	0.001884	357.989378	359.201500	99.662551	4	1589	3
	0.310000	0.500000	1.000000	11	6	20	0	1	0	50	0	1689	-1.533158	0.000000	3	-1.190001e-02	-7.554316e-01	inf	32.665470	0.000000	0.000541	371.693216	372.782794	99.707718	4	1689	3
	0.310000	0.500000	1.000000	11	6	20	0	1	0	50	0	1789	-1.533158	0.000000	3	-3.202677e-03	-7.728002e-01	inf	44.873329	0.000000	0.000033	392.263397	393.373281	99.717855	4	1789	3
	0.310000	0.500000	1.000000	11	6	20	0	1	0	50	0	1889	-1.533158	0.000000	3	-8.295932e-05	-7.758208e-01	inf	48.399628	0.000000	0.000014	565.013618	566.130881	99.802649	5	1811	0
	0.310000	0.500000	1.000000	11	6	20	0	1	0	50	0	1989	-1.533158	0.000000	3	-8.295933e-05	-7.758208e-01	inf	48.399628	0.000000	0.000014	451.597802	452.776312	99.739715	4	1811	0
	0.310000	0.500000	1.000000	11	6	20	0	1	0	50	0	1711	-2.555264	0.000000	5	-1.313781e-02	-7.608149e-01	inf	34.738480	0.000000	0.000336	380.940152	382.032636	99.714034	4	1711	3
	0.310000	0.500000	1.000000	11	6	20	0	1	0	50	0	1811	-2.555264	0.000000	5	-1.995907e-04	-7.758208e-01	inf	48.400951	0.000000	0.000014	2797.182241	2798.296955	99.960165	22	1810	2
	0.310000	0.500000	1.000000	11	6	20	0	1	0	50	0	1911	-2.555264	0.000000	5	-8.295932e-05	-7.758208e-01	inf	48.399632	0.000000	0.000014	576.304943	577.425535	99.805933	5	1811	0
	0.310000	0.500000	1.000000	11	6	20	0	1	0	50	0	2011	-2.555264	0.000000	5	-8.295932e-05	-7.758208e-01	inf	48.399624	0.000000	0.000014	451.117958	452.235452	99.752896	4	1811	0
	0.310000	0.500000	1.000000	1	6	20	0	1	0	90	0	1711	-0.511053	0.000000	1	-7.779947e-05	-5.108751e-01	inf	17.889437	0.000000	0.016258	907.883281	908.913270	99.886679	22	1494	2
	0.310000	0.500000	1.000000	1	6	20	0	1	0	90	0	1394	-1.533158	0.000000	3	-3.172435e-02	-7.754746e-01	inf	25.488489	0.000000	0.002826	168.988556	169.981502	99.415851	7	1394	3
	0.310000	0.500000	1.000000	1	6	20	0	1	0	90	0	1494	-1.533158	0.000000	3	-1.950824e-02	-7.757599e-01	inf	28.557053	0.000000	0.001394	230.896973	231.932986	99.553314	8	1494	3
	0.310000	0.500000	1.000000	1	6	20	0	1	0	90	0	1594	-1.533158	0.000000	3	-1.246696e-02	-7.758203e-01	inf	33.222626	0.000000	0.000476	373.406184	374.469425	99.716067	11	1594	3
	0.310000	0.500000	1.000000	1	6	20	0	1	0	90	0	1694	-1.533158	0.000000	3	-2.758406e-03	-7.758208e-01	inf	40.463043	0.000000	0.000090	773.398200	774.491777	99.858801	18	1694	3
	0.310000	0.500000	1.000000	1	6	20	0	1	0	90	0	1794	-1.533158	0.000000	3	-4.193252e-04	-7.758208e-01	inf	46.591545	0.000000	0.000022	1031.304188	1032.416517	99.892260	22	1764	2
	0.310000	0.500000	1.000000	1	6	20	0	1	0	90	0	1894	-1.533158	0.000000	3	-1.973038e-04	-7.758208e-01	inf	48.311012	0.000000	0.000015	1112.348747	1113.461681	99.900047	22	1792	2
	0.310000	0.500000	1.000000	1	6	20	0	1	0	90	0	1692	-2.555264	0.000000	5	-1.910933e-03	-7.758208e-01	inf	38.666397	0.000000	0.000136	899.199038	900.284193	99.879465	22	1684	2
	0.310000	0.500000	1.000000	1	6	20	0	1	0	90	0	1792	-2.555264	0.000000	5	-7.311815e-04	-7.758208e-01	inf	42.849770	0.000000	0.000052	987.204658	988.301594	99.889008	22	1735	2
	0.310000	0.500000	1.000000	1	6	20	0	1	0	90	0	1892	-2.555264	0.000000	5	-6.843888e-04	-7.758208e-01	inf	46.138905	0.000000	0.000024	1060.242458	1061.349262	99.895717	22	1768	2
	0.310000	0.500000	1.000000	11	6	20	0	1	0	90	0	1668	-0.511053	0.000000	1	-8.295933e-05	-5.109042e-01	inf	17.833923	0.000000	0.016467	484.575061	485.601509	99.788623	5	1489	0
	0.310000	0.500000	1.000000	11	6	20	0	1	0	90	0	1389	-1.533158	0.000000	3	-3.399468e-02	-6.914767e-01	inf	21.445618	0.000000	0.007169	298.679758	299.675750	99.667643	4	1389	3
	0.310000	0.500000	1.000000	11	6	20	0	1	0	90	0	1489	-1.533158	0.000000	3	-2.837369e-02	-7.096900e-01	inf	24.017012	0.000000	0.003966	309.212648	310.194327	99.683528	4	1489	3
	0.310000	0.500000	1.000000	11	6	20	0	1	0	90	0	1589	-1.533158	0.000000	3	-2.293193e-02	-7.355858e-01	inf	27.677067	0.000000	0.001707	463.024616	464.093117	99.769766	5	1589	3
	0.310000	0.500000	1.000000	11	6	20	0	1	0	90	0	1689	-1.533158	0.000000	3	-1.487615e-02	-7.558226e-01	inf	33.020657	0.000000	0.000499	371.861370	372.950475	99.707976	4	1689	3
	0.310000	0.500000	1.000000	11	6	20	0	1	0	90	0	1789	-1.533158	0.000000	3	-2.596049e-03	-7.723525e-01	inf	44.857487	0.000000	0.000033	394.866783	395.976139	99.719843	4	1789	3
	0.310000	0.500000	1.000000	11	6	20	0	1	0	90	0	1889	-1.533158	0.000000	3	-8.295933e-05	-7.758208e-01	inf	48.399628	0.000000	0.000014	695.693435	696.811103	99.839602	6	1811	0
	0.310000	0.500000	1.000000	11	6	20	0	1	0	90	0	1989	-1.533158	0.000000	3	-8.295933e-05	-7.758208e-01	inf	48.399628	0.000000	0.000014	593.596731	594.718600	99.811361	5	1811	0
	0.310000	0.500000	1.000000	11	6	20	0	1	0	90	0	1711	-2.555264	0.000000	5	-1.513940e-02	-7.612779e-01	inf	35.332100	0.000000	0.000293	384.411400	385.509745	99.715093	4	1711	3
	0.310000	0.500000	1.000000	11	6	20	0	1	0	90	0	1811	-2.555264	0.000000	5	-1.342065e-04	-7.758208e-01	inf	48.402065	0.000000	0.000014	2846.623024	2847.741530	99.960723	22	1810	2
	0.310000	0.500000	1.000000	11	6	20	0	1	0	90	0	1911	-2.555264	0.000000	5	-8.295932e-05	-7.758208e-01	inf	48.399628	0.000000	0.000014	697.583848	698.701569	99.840029	6	1811	0
	0.310000	0.500000	1.000000	11	6	20	0	1	0	90	0	2011	-2.555264	0.000000	5	-8.295932e-05	-7.758208e-01	inf	48.399628	0.000000	0.000014	591.070604	592.188337	99.811254	5	1811	0
	0.310000	0.500000	1.000000	1	12	20	0	1	0	10	0	1711	-0.511053	0.000000	1	-8.237685e-05	-5.109041e-01	inf	17.833361	0.000000	0.016469	904.277262	905.305656	99.886404	22	1489	2
	0.310000	0.500000	1.000000	1	12	20	0	1	0	10	0	1389	-1.533158	0.000000	3	-5.306308e-02	-7.758208e-01	inf	25.898556	0.000000	0.002571	117.136199	118.143559	99.147343	5	1389	3
	0.310000	0.500000	1.000000	1	12	20	0	1	0	10	0	1489	-1.533158	0.000000	3	-3.767821e-02	-7.758208e-01	inf	29.206589	0.000000	0.001200	167.745969	168.780671	99.386955	6	1489	3
	0.310000	0.500000	1.000000	1	12	20	0	1	0	10	0	1589	-1.533158	0.000000	3	-1.782525e-02	-7.758208e-01	inf	33.447266	0.000000	0.000452	230.161906	231.211224	99.546165	7	1589	3
	0.310000	0.500000	1.000000	1	12	20	0	1	0	10	0	1689	-1.533158	0.000000	3	-6.002945e-03	-7.758208e-01	inf	40.457115	0.000000	0.000090	419.122919	420.211663	99.740906	11	1689	3
	0.310000	0.500000	1.000000	1	12	20	0	1	0	10	0	1789	-1.533158	0.000000	3	-1.490164e-04	-7.758208e-01	inf	48.029743	0.000000	0.000016	989.609745	990.716879	99.888249	22	1779	2
	0.310000	0.500000	1.000000	1	12	20	0	1	0	10	0	1889	-1.533158	0.000000	3	-2.756856e-04	-7.758208e-01	inf	48.446930	0.000000	0.000014	1082.470024	1083.586612	99.896954	22	1805	2
	0.310000	0.500000	1.000000	1	12	20	0	1	0	10	0	1989	-1.533158	0.000000	3	-2.155615e-04	-7.758208e-01	inf	48.408882	0.000000	0.000014	1177.764382	1178.880690	99.905308	22	1809	2
	0.310000	0.500000	1.000000	1	12	20	0	1	0	10	0	1709	-2.555264	0.000000	5	-2.289539e-03	-7.758208e-01	inf	41.796993	0.000000	0.000066	761.223936	762.320195	99.856194	18	1709	3
	0.310000	0.500000	1.000000	1	12	20	0	1	0	10	0	1809	-2.555264	0.000000	5	-4.915357e-05	-7.758208e-01	inf	47.293247	0.000000	0.000019	1040.614901	1041.724952	99.893441	22	1772	2
	0.310000	0.500000	1.000000	1	12	20	0	1	0	10	0	1909	-2.555264	0.000000	5	-3.561580e-04	-7.758208e-01	inf	48.428432	0.000000	0.000014	1123.254285	1124.369497	99.900814	22	1797	2
	0.310000	0.500000	1.000000	11	12	20	0	1	0	10	0	1697	-0.511053	0.000000	1	-8.295933e-05	-5.109042e-01	inf	17.833923	0.000000	0.016467	514.637482	515.672123	99.799361	5	1489	0
	0.310000	0.500000	1.000000	11	12	20	0	1	0	10	0	1389	-1.533158	0.000000	3	-1.491963e-03	-7.758208e-01	inf	16.832932	0.000000	0.020735	2144.528079	2145.474518	99.955887	22	1301	2
	0.310000	0.500000	1.000000	11	12	20	0	1	0	10	0	1489	-1.533158	0.000000	3	-1.477028e-03	-7.758208e-01	inf	18.586464	0.000000	0.013847	2299.845734	2300.848639	99.956412	22	1409	2
	0.310000	0.500000	1.000000	11	12	20	0	1	0	10	0	1589	-1.533158	0.000000	3	-1.472006e-03	-7.758208e-01	inf	21.362743	0.000000	0.007307	2500.833098	2501.877848	99.958241	22	1536	2
	0.310000	0.500000	1.000000	11	12	20	0	1	0	10	0	1689	-1.533158	0.000000	3	-1.001242e-03	-7.758208e-01	inf	25.573839	0.000000	0.002771	2643.851338	2644.928956	99.959257	22	1644	2
	0.310000	0.500000	1.000000	11	12	20	0	1	0	10	0	1789	-1.533158	0.000000	3	-9.144804e-04	-7.758208e-01	inf	39.728050	0.000000	0.000106	2764.974259	2766.083349	99.959904	22	1779	2
	0.310000	0.500000	1.000000	11	12	20	0	1	0	10	0	1889	-1.533158	0.000000	3	-8.295933e-05	-7.758208e-01	inf	48.399628	0.000000	0.000014	694.112696	695.229636	99.839342	6	1811	0
	0.310000	0.500000	1.000000	11	12	20	0	1	0	10	0	1989	-1.533158	0.000000	3	-8.295933e-05	-7.758208e-01	inf	48.399628	0.000000	0.000014	439.229728	440.344484	99.746845	4	1811	0
	0.310000	0.500000	1.000000	11	12	20	0	1	0	10	0	1711	-2.555264	0.000000	5	-1.818427e-03	-7.758208e-01	inf	29.347364	0.000000	0.001162	2646.988122	2648.077650	99.958856	22	1703	2
	0.310000	0.500000	1.000000	11	12	20	0	1	0	10	0	1811	-2.555264	0.000000	5	-5.328291e-05	-7.758208e-01	inf	48.397190	0.000000	0.000014	1203.192256	1204.307838	99.907367	10	1811	3
	0.310000	0.500000	1.000000	11	12	20	0	1	0	10	0	1911	-2.555264	0.000000	5	-8.295933e-05	-7.758208e-01	inf	48.399628	0.000000	0.000014	699.121878	700.241333	99.840133	6	1811	0
	0.310000	0.500000	1.000000	11	12	20	0	1	0	10	0	2011	-2.555264	0.000000	5	-8.295933e-05	-7.758208e-01	inf	48.399628	0.000000	0.000014	593.381236	594.499757	99.811855	5	1811	0
	0.310000	0.500000	1.000000	1	12	20	0	1	0	50	0	1711	-0.511053	0.000000	1	-7.989392e-05	-5.109009e-01	inf	17.832912	0.000000	0.016471	922.565760	923.594692	99.888595	22	1489	2
	0.310000	0.500000	1.000000	1	12	20	0	1	0	50	0	1389	-1.533158	0.000000	3	-5.219869e-02	-7.758197e-01	inf	25.843975	0.000000	0.002604	139.276894	140.272251	99.290411	6	1389	3
	0.310000	0.500000	1.000000	1	12	20	0	1	0	50	0	1489	-1.533158	0.000000	3	-2.352539e-02	-7.758202e-01	inf	28.632771	0.000000	0.001370	161.126912	162.159363	99.363311	6	1489	3
	0.310000	0.500000	1.000000	1	12	20	0	1	0	50	0	1589	-1.533158	0.000000	3	-1.438679e-02	-7.758208e-01	inf	33.172489	0.000000	0.000482	276.125915	277.188670	99.616595	8	1589	3
	0.310000	0.500000	1.000000	1	12	20	0	1	0	50	0	1689	-1.533158	0.000000	3	-5.034692e-03	-7.758208e-01	inf	40.291718	0.000000	0.000094	516.343890	517.429883	99.790118	13	1689	3
	0.310000	0.500000	1.000000	1	12	20	0	1	0	50	0	1789	-1.533158	0.000000	3	-5.798873e-04	-7.758208e-01	inf	47.664207	0.000000	0.000017	1031.276168	1032.388676	99.892239	22	1773	2
	0.310000	0.500000	1.000000	1	12	20	0	1	0	50	0	1889	-1.533158	0.000000	3	-1.840387e-04	-7.758208e-01	inf	48.457825	0.000000	0.000014	1111.405156	1112.525609	99.899287	22	1801	2
	0.310000	0.500000	1.000000	1	12	20	0	1	0	50	0	1989	-1.533158	0.000000	3	-4.048517e-04	-7.758208e-01	inf	48.422859	0.000000	0.000014	1181.031031	1182.151026	99.905258	22	1808	2
	0.310000	0.500000	1.000000	1	12	20	0	1	0	50	0	1708	-2.555264	0.000000	5	-2.644368e-03	-7.758208e-01	inf	41.690712	0.000000	0.000068	915.237254	916.332734	99.880450	22	1708	3
	0.310000	0.500000	1.000000	1	12	20	0	1	0	50	0	1808	-2.555264	0.000000	5	-4.392795e-04	-7.758208e-01	inf	46.311581	0.000000	0.000023	1031.269546	1032.381493	99.892293	22	1763	2
	0.310000	0.500000	1.000000	1	12	20	0	1	0	50	0	1908	-2.555264	0.000000	5	-9.089653e-05	-7.758208e-01	inf	48.184639	0.000000	0.000015	1121.260278	1122.374437	99.900732	22	1789	2
	0.310000	0.500000	1.000000	11	12	20	0	1	0	50	0	1689	-0.511053	0.000000	1	-8.295933e-05	-5.109042e-01	inf	17.833923	0.000000	0.016467	512.982508	514.013642	99.799396	5	1489	0
	0.310000	0.500000	1.000000	11	12	20	0	1	0	50	0	1389	-1.533158	0.000000	3	-2.847323e-02	-6.907206e-01	inf	21.303055	0.000000	0.007408	309.751548	310.763758	99.674283	4	1389	3
	0.310000	0.500000	1.000000	11	12	20	0	1	0	50	0	1489	-1.533158	0.000000	3	-2.322546e-02	-7.089233e-01	inf	23.830973	0.000000	0.004139	316.112115	317.098849	99.688825	4	1489	3
	0.310000	0.500000	1.000000	11	12	20	0	1	0	50	0	1589	-1.533158	0.000000	3	-1.763275e-02	-7.338125e-01	inf	27.248419	0.000000	0.001884	356.825733	357.888561	99.703028	4	1589	3
	0.310000	0.500000	1.000000	11	12	20	0	1	0	50	0	1689	-1.533158	0.000000	3	-1.190001e-02	-7.554316e-01	inf	32.665470	0.000000	0.000541	380.689607	381.783776	99.713406	4	1689	3
	0.310000	0.500000	1.000000	11	12	20	0	1	0	50	0	1789	-1.533158	0.000000	3	-3.202677e-03	-7.728002e-01	inf	44.873329	0.000000	0.000033	403.486091	404.603277	99.723881	4	1789	3
	0.310000	0.500000	1.000000	11	12	20	0	1	0	50	0	1889	-1.533158	0.000000	3	-8.295933e-05	-7.758208e-01	inf	48.399628	0.000000	0.000014	1134.621151	1135.737378	99.901718	9	1811	0
	0.310000	0.500000	1.000000	11	12	20	0	1	0	50	0	1989	-1.533158	0.000000	3	-8.295933e-05	-7.758208e-01	inf	48.399628	0.000000	0.000014	729.280242	730.396711	99.847142	6	1811	0
	0.310000	0.500000	1.000000	11	12	20	0	1	0	50	0	1711	-2.555264	0.000000	5	-1.313781e-02	-7.608149e-01	inf	34.738480	0.000000	0.000336	378.197446	379.290827	99.711730	4	1711	3
	0.310000	0.500000	1.000000	11	12	20	0	1	0	50	0	1811	-2.555264	0.000000	5	-1.995907e-04	-7.758208e-01	inf	48.400951	0.000000	0.000014	2802.001544	2803.119903	99.960103	22	1810	2
	0.310000	0.500000	1.000000	11	12	20	0	1	0	50	0	1911	-2.555264	0.000000	5	-8.295933e-05	-7.758208e-01	inf	48.399628	0.000000	0.000014	1130.254583	1131.371141	99.901309	9	1811	0
	0.310000	0.500000	1.000000	11	12	20	0	1	0	50	0	2011	-2.555264	0.000000	5	-8.295933e-05	-7.758208e-01	inf	48.399628	0.000000	0.000014	887.261893	888.378938	99.874260	7	1811	0
	0.310000	0.500000	1.000000	1	12	20	0	1	0	90	0	1711	-0.511053	0.000000	1	-7.779947e-05	-5.108751e-01	inf	17.889437	0.000000	0.016258	931.981731	933.019915	99.888729	22	1494	2
	0.310000	0.500000	1.000000	1	12	20	0	1	0	90	0	1394	-1.533158	0.000000	3	-3.172435e-02	-7.754746e-01	inf	25.488489	0.000000	0.002826	174.698268	175.754565	99.398993	7	1394	3
	0.310000	0.500000	1.000000	1	12	20	0	1	0	90	0	1494	-1.533158	0.000000	3	-1.950824e-02	-7.757599e-01	inf	28.557053	0.000000	0.001394	243.068146	244.167995	99.549552	8	1494	3
	0.310000	0.500000	1.000000	1	12	20	0	1	0	90	0	1594	-1.533158	0.000000	3	-1.246696e-02	-7.758203e-01	inf	33.222626	0.000000	0.000476	386.761547	387.881858	99.711172	11	1594	3
	0.310000	0.500000	1.000000	1	12	20	0	1	0	90	0	1694	-1.533158	0.000000	3	-2.758406e-03	-7.758208e-01	inf	40.463043	0.000000	0.000090	761.461202	762.610752	99.849261	18	1694	3
	0.310000	0.500000	1.000000	1	12	20	0	1	0	90	0	1794	-1.533158	0.000000	3	-4.193252e-04	-7.758208e-01	inf	46.591545	0.000000	0.000022	1027.389607	1028.529706	99.889153	22	1764	2
	0.310000	0.500000	1.000000	1	12	20	0	1	0	90	0	1894	-1.533158	0.000000	3	-1.973038e-04	-7.758208e-01	inf	48.311012	0.000000	0.000015	1112.241310	1113.358811	99.899628	22	1792	2
	0.310000	0.500000	1.000000	1	12	20	0	1	0	90	0	1692	-2.555264	0.000000	5	-1.910933e-03	-7.758208e-01	inf	38.666397	0.000000	0.000136	922.913886	924.002764	99.882156	22	1684	2
	0.310000	0.500000	1.000000	1	12	20	0	1	0	90	0	1792	-2.555264	0.000000	5	-7.311815e-04	-7.758208e-01	inf	42.849770	0.000000	0.000052	1399.025848	1400.126790	99.921368	22	1735	2
	0.310000	0.500000	1.000000	1	12	20	0	1	0	90	0	1892	-2.555264	0.000000	5	-6.843888e-04	-7.758208e-01	inf	46.138905	0.000000	0.000024	1088.384225	1089.593578	99.889009	22	1768	2
	0.310000	0.500000	1.000000	11	12	20	0	1	0	90	0	1668	-0.511053	0.000000	1	-8.295933e-05	-5.109042e-01	inf	17.833923	0.000000	0.016467	620.813352	621.847894	99.833634	6	1489	0
	0.310000	0.500000	1.000000	11	12	20	0	1	0	90	0	1389	-1.533158	0.000000	3	-3.399468e-02	-6.914767e-01	inf	21.445618	0.000000	0.007169	303.749330	304.745391	99.673150	4	1389	3
	0.310000	0.500000	1.000000	11	12	20	0	1	0	90	0	1489	-1.533158	0.000000	3	-2.837369e-02	-7.096900e-01	inf	24.017012	0.000000	0.003966	318.844648	319.830015	99.691909	4	1489	3
	0.310000	0.500000	1.000000	11	12	20	0	1	0	90	0	1589	-1.533158	0.000000	3	-2.293193e-02	-7.355858e-01	inf	27.677067	0.000000	0.001707	471.707536	472.770068	99.775254	5	1589	3
	0.310000	0.500000	1.000000	11	12	20	0	1	0	90	0	1689	-1.533158	0.000000	3	-1.487615e-02	-7.558226e-01	inf	33.020657	0.000000	0.000499	375.180272	376.267915	99.710939	4	1689	3
	0.310000	0.500000	1.000000	11	12	20	0	1	0	90	0	1789	-1.533158	0.000000	3	-2.596049e-03	-7.723525e-01	inf	44.857487	0.000000	0.000033	394.252981	395.359873	99.720029	4	1789	3
	0.310000	0.500000	1.000000	11	12	20	0	1	0	90	0	1889	-1.533158	0.000000	3	-8.295933e-05	-7.758208e-01	inf	48.399628	0.000000	0.000014	1116.333951	1117.452099	99.899938	9	1811	0
	0.310000	0.500000	1.000000	11	12	20	0	1	0	90	0	1989	-1.533158	0.000000	3	-8.295933e-05	-7.758208e-01	inf	48.399628	0.000000	0.000014	1019.719092	1020.835290	99.890658	8	1811	0
	0.310000	0.500000	1.000000	11	12	20	0	1	0	90	0	1711	-2.555264	0.000000	5	-1.513940e-02	-7.612779e-01	inf	35.332100	0.000000	0.000293	376.009842	377.103444	99.709999	4	1711	3
	0.310000	0.500000	1.000000	11	12	20	0	1	0	90	0	1811	-2.555264	0.000000	5	-1.342065e-04	-7.758208e-01	inf	48.402065	0.000000	0.000014	2816.016463	2817.137815	99.960195	22	1810	2
	0.310000	0.500000	1.000000	11	12	20	0	1	0	90	0	1911	-2.555264	0.000000	5	-8.295933e-05	-7.758208e-01	inf	48.399628	0.000000	0.000014	1270.061186	1271.178920	99.912071	10	1811	0
	0.310000	0.500000	1.000000	11	12	20	0	1	0	90	0	2011	-2.555264	0.000000	5	-8.295933e-05	-7.758208e-01	inf	48.399628	0.000000	0.000014	1192.122213	1193.239529	99.906363	9	1811	0
	0.310000	0.500000	1.000000	1	6	30	0	1	0	10	0	1711	-0.511053	0.000000	1	-8.295907e-05	-5.109042e-01	inf	17.833925	0.000000	0.016467	1375.412422	1376.444264	99.925036	32	1489	2
	0.310000	0.500000	1.000000	1	6	30	0	1	0	10	0	1389	-1.533158	0.000000	3	-5.306308e-02	-7.758208e-01	inf	25.898556	0.000000	0.002571	116.401643	117.400420	99.149256	5	1389	3
	0.310000	0.500000	1.000000	1	6	30	0	1	0	10	0	1489	-1.533158	0.000000	3	-3.767821e-02	-7.758208e-01	inf	29.206589	0.000000	0.001200	165.039084	166.070596	99.378871	6	1489	3
	0.310000	0.500000	1.000000	1	6	30	0	1	0	10	0	1589	-1.533158	0.000000	3	-1.782525e-02	-7.758208e-01	inf	33.447266	0.000000	0.000452	226.567662	227.630478	99.533096	7	1589	3
	0.310000	0.500000	1.000000	1	6	30	0	1	0	10	0	1689	-1.533158	0.000000	3	-6.002945e-03	-7.758208e-01	inf	40.457115	0.000000	0.000090	429.488466	430.577095	99.747170	11	1689	3
	0.310000	0.500000	1.000000	1	6	30	0	1	0	10	0	1789	-1.533158	0.000000	3	-1.674413e-04	-7.758208e-01	inf	48.319550	0.000000	0.000015	1472.252677	1473.363671	99.924595	32	1785	2
	0.310000	0.500000	1.000000	1	6	30	0	1	0	10	0	1889	-1.533158	0.000000	3	-4.903505e-04	-7.758208e-01	inf	48.413891	0.000000	0.000014	1586.168395	1587.284520	99.929683	32	1808	2
	0.310000	0.500000	1.000000	1	6	30	0	1	0	10	0	1989	-1.533158	0.000000	3	-6.908855e-05	-7.758208e-01	inf	48.400120	0.000000	0.000014	1702.186091	1703.301422	99.934519	32	1811	2
	0.310000	0.500000	1.000000	1	6	30	0	1	0	10	0	1711	-2.555264	0.000000	5	-2.209157e-03	-7.758208e-01	inf	41.925495	0.000000	0.000064	748.024489	749.116986	99.854162	18	1711	3
	0.310000	0.500000	1.000000	1	6	30	0	1	0	10	0	1811	-2.555264	0.000000	5	-2.884096e-04	-7.758208e-01	inf	48.184490	0.000000	0.000015	1495.553008	1496.664393	99.925743	32	1785	2
	0.310000	0.500000	1.000000	1	6	30	0	1	0	10	0	1911	-2.555264	0.000000	5	-2.664711e-04	-7.758208e-01	inf	48.449142	0.000000	0.000014	1606.038849	1607.153857	99.930622	32	1805	2
	0.310000	0.500000	1.000000	11	6	30	0	1	0	10	0	1705	-0.511053	0.000000	1	-8.295933e-05	-5.109042e-01	inf	17.833923	0.000000	0.016467	374.185458	375.196736	99.730467	4	1489	0
	0.310000	0.500000	1.000000	11	6	30	0	1	0	10	0	1389	-1.533158	0.000000	3	-1.471920e-03	-7.758208e-01	inf	17.146326	0.000000	0.019292	3078.712614	3079.666398	99.969030	32	1321	2
	0.310000	0.500000	1.000000	11	6	30	0	1	0	10	0	1489	-1.533158	0.000000	3	-1.145097e-03	-7.758208e-01	inf	19.033873	0.000000	0.012491	3257.345574	3258.366978	99.968653	32	1436	2
	0.310000	0.500000	1.000000	11	6	30	0	1	0	10	0	1589	-1.533158	0.000000	3	-9.309430e-04	-7.758208e-01	inf	21.985455	0.000000	0.006331	3595.715490	3596.769690	99.970690	32	1556	2
	0.310000	0.500000	1.000000	11	6	30	0	1	0	10	0	1689	-1.533158	0.000000	3	-9.102761e-04	-7.758208e-01	inf	25.796801	0.000000	0.002632	3854.717574	3855.796535	99.972017	32	1653	2
	0.310000	0.500000	1.000000	11	6	30	0	1	0	10	0	1789	-1.533158	0.000000	3	-9.083570e-04	-7.758208e-01	inf	40.428875	0.000000	0.000091	4101.794449	4102.905200	99.972928	32	1783	2
	0.310000	0.500000	1.000000	11	6	30	0	1	0	10	0	1889	-1.533158	0.000000	3	-8.295933e-05	-7.758208e-01	inf	48.399628	0.000000	0.000014	417.198109	418.315577	99.732865	4	1811	0
	0.310000	0.500000	1.000000	11	6	30	0	1	0	10	0	1989	-1.533158	0.000000	3	-8.295933e-05	-7.758208e-01	inf	48.399628	0.000000	0.000014	292.341979	293.457855	99.619749	3	1811	0
	0.310000	0.500000	1.000000	11	6	30	0	1	0	10	0	1711	-2.555264	0.000000	5	-1.508513e-03	-7.758208e-01	inf	29.536404	0.000000	0.001113	3880.533074	3881.624618	99.971879	32	1710	2
	0.310000	0.500000	1.000000	11	6	30	0	1	0	10	0	1811	-2.555264	0.000000	5	-5.328291e-05	-7.758208e-01	inf	48.397190	0.000000	0.000014	1207.643458	1208.767305	99.907025	10	1811	3
	0.310000	0.500000	1.000000	11	6	30	0	1	0	10	0	1911	-2.555264	0.000000	5	-8.295933e-05	-7.758208e-01	inf	48.399628	0.000000	0.000014	429.688183	430.811283	99.739306	4	1811	0
	0.310000	0.500000	1.000000	11	6	30	0	1	0	10	0	2011	-2.555264	0.000000	5	-8.295933e-05	-7.758208e-01	inf	48.399628	0.000000	0.000014	302.939066	304.060550	99.631164	3	1811	0
	0.310000	0.500000	1.000000	1	6	30	0	1	0	50	0	1711	-0.511053	0.000000	1	-8.296308e-05	-5.109042e-01	inf	17.833895	0.000000	0.016467	1355.622170	1356.657329	99.923698	32	1489	2
	0.310000	0.500000	1.000000	1	6	30	0	1	0	50	0	1389	-1.533158	0.000000	3	-5.219869e-02	-7.758197e-01	inf	25.843975	0.000000	0.002604	140.216415	141.212920	99.294325	6	1389	3
	0.310000	0.500000	1.000000	1	6	30	0	1	0	50	0	1489	-1.533158	0.000000	3	-2.352539e-02	-7.758202e-01	inf	28.632771	0.000000	0.001370	166.084761	167.115200	99.383396	6	1489	3
	0.310000	0.500000	1.000000	1	6	30	0	1	0	50	0	1589	-1.533158	0.000000	3	-1.438679e-02	-7.758208e-01	inf	33.172489	0.000000	0.000482	265.379054	266.435724	99.603405	8	1589	3
	0.310000	0.500000	1.000000	1	6	30	0	1	0	50	0	1689	-1.533158	0.000000	3	-5.034692e-03	-7.758208e-01	inf	40.291718	0.000000	0.000094	508.532169	509.618921	99.786752	13	1689	3
	0.310000	0.500000	1.000000	1	6	30	0	1	0	50	0	1789	-1.533158	0.000000	3	-1.841796e-04	-7.758208e-01	inf	48.203270	0.000000	0.000015	1436.532678	1437.643132	99.922759	32	1782	2
	0.310000	0.500000	1.000000	1	6	30	0	1	0	50	0	1889	-1.533158	0.000000	3	-5.019677e-04	-7.758208e-01	inf	48.428375	0.000000	0.000014	1576.870392	1577.988457	99.929146	32	1807	2
	0.310000	0.500000	1.000000	1	6	30	0	1	0	50	0	1989	-1.533158	0.000000	3	-2.094279e-05	-7.758208e-01	inf	48.402336	0.000000	0.000014	1755.328025	1756.452187	99.935998	32	1811	2
	0.310000	0.500000	1.000000	1	6	30	0	1	0	50	0	1711	-2.555264	0.000000	5	-2.214045e-03	-7.758208e-01	inf	41.888985	0.000000	0.000065	935.581254	936.677372	99.882978	22	1711	3
	0.310000	0.500000	1.000000	1	6	30	0	1	0	50	0	1811	-2.555264	0.000000	5	-1.669173e-04	-7.758208e-01	inf	47.829971	0.000000	0.000016	1553.784744	1554.900314	99.928255	32	1778	2
	0.310000	0.500000	1.000000	1	6	30	0	1	0	50	0	1911	-2.555264	0.000000	5	-5.170767e-04	-7.758208e-01	inf	48.466202	0.000000	0.000014	1666.951361	1668.069833	99.932948	32	1802	2
	0.310000	0.500000	1.000000	11	6	30	0	1	0	50	0	1702	-0.511053	0.000000	1	-8.295933e-05	-5.109042e-01	inf	17.833923	0.000000	0.016467	384.606407	385.633287	99.733716	4	1489	0
	0.310000	0.500000	1.000000	11	6	30	0	1	0	50	0	1389	-1.533158	0.000000	3	-2.847323e-02	-6.907206e-01	inf	21.303055	0.000000	0.007408	306.900433	307.903005	99.674387	4	1389	3
	0.310000	0.500000	1.000000	11	6	30	0	1	0	50	0	1489	-1.533158	0.000000	3	-2.322546e-02	-7.089233e-01	inf	23.830973	0.000000	0.004139	316.409615	317.396665	99.689017	4	1489	3
	0.310000	0.500000	1.000000	11	6	30	0	1	0	50	0	1589	-1.533158	0.000000	3	-1.763275e-02	-7.338125e-01	inf	27.248419	0.000000	0.001884	355.810921	356.875146	99.701793	4	1589	3
	0.310000	0.500000	1.000000	11	6	30	0	1	0	50	0	1689	-1.533158	0.000000	3	-1.190001e-02	-7.554316e-01	inf	32.665470	0.000000	0.000541	381.001810	382.093270	99.714347	4	1689	3
	0.310000	0.500000	1.000000	11	6	30	0	1	0	50	0	1789	-1.533158	0.000000	3	-3.202677e-03	-7.728002e-01	inf	44.873329	0.000000	0.000033	405.255622	406.373391	99.724940	4	1789	3
	0.310000	0.500000	1.000000	11	6	30	0	1	0	50	0	1889	-1.533158	0.000000	3	-8.295932e-05	-7.758208e-01	inf	48.399628	0.000000	0.000014	567.842895	568.966001	99.802606	5	1811	0
	0.310000	0.500000	1.000000	11	6	30	0	1	0	50	0	1989	-1.533158	0.000000	3	-8.295933e-05	-7.758208e-01	inf	48.399628	0.000000	0.000014	449.706383	450.829297	99.750923	4	1811	0
	0.310000	0.500000	1.000000	11	6	30	0	1	0	50	0	1711	-2.555264	0.000000	5	-1.313781e-02	-7.608149e-01	inf	34.738480	0.000000	0.000336	386.771333	387.863412	99.718437	4	1711	3
	0.310000	0.500000	1.000000	11	6	30	0	1	0	50	0	1811	-2.555264	0.000000	5	-2.105082e-04	-7.758208e-01	inf	48.400829	0.000000	0.000014	4122.935591	4124.052127	99.972926	32	1810	2
	0.310000	0.500000	1.000000	11	6	30	0	1	0	50	0	1911	-2.555264	0.000000	5	-8.295932e-05	-7.758208e-01	inf	48.399632	0.000000	0.000014	560.803393	561.917912	99.801658	5	1811	0
	0.310000	0.500000	1.000000	11	6	30	0	1	0	50	0	2011	-2.555264	0.000000	5	-8.295932e-05	-7.758208e-01	inf	48.399624	0.000000	0.000014	441.675249	442.791137	99.747988	4	1811	0
	0.310000	0.500000	1.000000	1	6	30	0	1	0	90	0	1711	-0.511053	0.000000	1	-7.933380e-05	-5.109035e-01	inf	17.834766	0.000000	0.016464	1318.784485	1319.818067	99.921688	32	1489	2
	0.310000	0.500000	1.000000	1	6	30	0	1	0	90	0	1389	-1.533158	0.000000	3	-3.371320e-02	-7.754711e-01	inf	25.368055	0.000000	0.002905	165.242283	166.226925	99.407652	7	1389	3
	0.310000	0.500000	1.000000	1	6	30	0	1	0	90	0	1489	-1.533158	0.000000	3	-2.092993e-02	-7.757586e-01	inf	28.410912	0.000000	0.001442	232.133061	233.170486	99.555079	8	1489	3
	0.310000	0.500000	1.000000	1	6	30	0	1	0	90	0	1589	-1.533158	0.000000	3	-1.352912e-02	-7.758203e-01	inf	33.017792	0.000000	0.000499	381.307043	382.369651	99.722099	11	1589	3
	0.310000	0.500000	1.000000	1	6	30	0	1	0	90	0	1689	-1.533158	0.000000	3	-2.382709e-03	-7.758208e-01	inf	39.877918	0.000000	0.000103	693.278172	694.364564	99.843542	17	1689	3
	0.310000	0.500000	1.000000	1	6	30	0	1	0	90	0	1789	-1.533158	0.000000	3	-1.706929e-04	-7.758208e-01	inf	47.697567	0.000000	0.000017	1480.546064	1481.655101	99.925149	32	1774	2
	0.310000	0.500000	1.000000	1	6	30	0	1	0	90	0	1889	-1.533158	0.000000	3	-3.918798e-04	-7.758208e-01	inf	48.457687	0.000000	0.000014	1605.851556	1606.967344	99.930566	32	1802	2
	0.310000	0.500000	1.000000	1	6	30	0	1	0	90	0	1989	-1.533158	0.000000	3	-4.789886e-04	-7.758208e-01	inf	48.419987	0.000000	0.000014	1730.206373	1731.324959	99.935391	32	1808	2
	0.310000	0.500000	1.000000	1	6	30	0	1	0	90	0	1708	-2.555264	0.000000	5	-1.341521e-03	-7.758208e-01	inf	41.432693	0.000000	0.000072	1273.266961	1274.364274	99.913893	30	1708	3
	0.310000	0.500000	1.000000	1	6	30	0	1	0	90	0	1808	-2.555264	0.000000	5	-4.322876e-04	-7.758208e-01	inf	46.408451	0.000000	0.000023	1480.852746	1481.960201	99.925271	32	1764	2
	0.310000	0.500000	1.000000	1	6	30	0	1	0	90	0	1908	-2.555264	0.000000	5	-4.785310e-05	-7.758208e-01	inf	48.241123	0.000000	0.000015	1606.759495	1607.872906	99.930753	32	1792	2
	0.310000	0.500000	1.000000	11	6	30	0	1	0	90	0	1692	-0.511053	0.000000	1	-8.295933e-05	-5.109042e-01	inf	17.833923	0.000000	0.016467	497.346501	498.376466	99.793336	5	1489	0
	0.310000	0.500000	1.000000	11	6	30	0	1	0	90	0	1389	-1.533158	0.000000	3	-3.399468e-02	-6.914767e-01	inf	21.445618	0.000000	0.007169	322.080436	323.078513	99.691073	4	1389	3
	0.310000	0.500000	1.000000	11	6	30	0	1	0	90	0	1489	-1.533158	0.000000	3	-2.837369e-02	-7.096900e-01	inf	24.017012	0.000000	0.003966	326.323581	327.365204	99.681816	4	1489	3
	0.310000	0.500000	1.000000	11	6	30	0	1	0	90	0	1589	-1.533158	0.000000	3	-2.293193e-02	-7.355858e-01	inf	27.677067	0.000000	0.001707	492.715658	493.833408	99.773658	5	1589	3
	0.310000	0.500000	1.000000	11	6	30	0	1	0	90	0	1689	-1.533158	0.000000	3	-1.487615e-02	-7.558226e-01	inf	33.020657	0.000000	0.000499	395.758323	396.902134	99.711815	4	1689	3
	0.310000	0.500000	1.000000	11	6	30	0	1	0	90	0	1789	-1.533158	0.000000	3	-2.596049e-03	-7.723525e-01	inf	44.857487	0.000000	0.000033	414.238171	415.401583	99.719931	4	1789	3
	0.310000	0.500000	1.000000	11	6	30	0	1	0	90	0	1889	-1.533158	0.000000	3	-8.295933e-05	-7.758208e-01	inf	48.399628	0.000000	0.000014	717.918823	719.056224	99.841820	6	1811	0
	0.310000	0.500000	1.000000	11	6	30	0	1	0	90	0	1989	-1.533158	0.000000	3	-8.295933e-05	-7.758208e-01	inf	48.399628	0.000000	0.000014	586.500417	587.620021	99.809468	5	1811	0
	0.310000	0.500000	1.000000	11	6	30	0	1	0	90	0	1711	-2.555264	0.000000	5	-1.513940e-02	-7.612779e-01	inf	35.332100	0.000000	0.000293	377.212010	378.308252	99.710225	4	1711	3
	0.310000	0.500000	1.000000	11	6	30	0	1	0	90	0	1811	-2.555264	0.000000	5	-1.892404e-04	-7.758208e-01	inf	48.401123	0.000000	0.000014	4545.080726	4546.198993	99.975402	32	1810	2
	0.310000	0.500000	1.000000	11	6	30	0	1	0	90	0	1911	-2.555264	0.000000	5	-8.295932e-05	-7.758208e-01	inf	48.399628	0.000000	0.000014	703.783564	704.900122	99.841601	6	1811	0
	0.310000	0.500000	1.000000	11	6	30	0	1	0	90	0	2011	-2.555264	0.000000	5	-8.295932e-05	-7.758208e-01	inf	48.399628	0.000000	0.000014	592.030915	593.145732	99.812050	5	1811	0
	0.310000	0.500000	1.000000	1	12	30	0	1	0	10	0	1711	-0.511053	0.000000	1	-8.295907e-05	-5.109042e-01	inf	17.833925	0.000000	0.016467	1367.634831	1368.653019	99.925607	32	1489	2
	0.310000	0.500000	1.000000	1	12	30	0	1	0	10	0	1389	-1.533158	0.000000	3	-5.306308e-02	-7.758208e-01	inf	25.898556	0.000000	0.002571	108.017901	109.002859	99.096392	5	1389	3
	0.310000	0.500000	1.000000	1	12	30	0	1	0	10	0	1489	-1.533158	0.000000	3	-3.767821e-02	-7.758208e-01	inf	29.206589	0.000000	0.001200	155.478776	156.496309	99.349804	6	1489	3
	0.310000	0.500000	1.000000	1	12	30	0	1	0	10	0	1589	-1.533158	0.000000	3	-1.782525e-02	-7.758208e-01	inf	33.447266	0.000000	0.000452	224.782702	225.844433	99.529884	7	1589	3
	0.310000	0.500000	1.000000	1	12	30	0	1	0	10	0	1689	-1.533158	0.000000	3	-6.002945e-03	-7.758208e-01	inf	40.457115	0.000000	0.000090	426.560241	427.648029	99.745635	11	1689	3
	0.310000	0.500000	1.000000	1	12	30	0	1	0	10	0	1789	-1.533158	0.000000	3	-1.674413e-04	-7.758208e-01	inf	48.319550	0.000000	0.000015	1472.071028	1473.182649	99.924543	32	1785	2
	0.310000	0.500000	1.000000	1	12	30	0	1	0	10	0	1889	-1.533158	0.000000	3	-4.903505e-04	-7.758208e-01	inf	48.413891	0.000000	0.000014	1623.614199	1624.730259	99.931308	32	1808	2
	0.310000	0.500000	1.000000	1	12	30	0	1	0	10	0	1989	-1.533158	0.000000	3	-6.908855e-05	-7.758208e-01	inf	48.400120	0.000000	0.000014	1711.049281	1712.164838	99.934845	32	1811	2
	0.310000	0.500000	1.000000	1	12	30	0	1	0	10	0	1711	-2.555264	0.000000	5	-2.209157e-03	-7.758208e-01	inf	41.925495	0.000000	0.000064	741.412483	742.504063	99.852987	18	1711	3
	0.310000	0.500000	1.000000	1	12	30	0	1	0	10	0	1811	-2.555264	0.000000	5	-2.884096e-04	-7.758208e-01	inf	48.184490	0.000000	0.000015	1459.321758	1460.430243	99.924099	32	1785	2
	0.310000	0.500000	1.000000	1	12	30	0	1	0	10	0	1911	-2.555264	0.000000	5	-2.664711e-04	-7.758208e-01	inf	48.449142	0.000000	0.000014	1605.869657	1606.985195	99.930582	32	1805	2
	0.310000	0.500000	1.000000	11	12	30	0	1	0	10	0	1705	-0.511053	0.000000	1	-8.295933e-05	-5.109042e-01	inf	17.833923	0.000000	0.016467	378.814219	379.845557	99.728485	4	1489	0
	0.310000	0.500000	1.000000	11	12	30	0	1	0	10	0	1389	-1.533158	0.000000	3	-1.471920e-03	-7.758208e-01	inf	17.146326	0.000000	0.019292	3086.101996	3087.083783	99.968197	32	1321	2
	0.310000	0.500000	1.000000	11	12	30	0	1	0	10	0	1489	-1.533158	0.000000	3	-1.145097e-03	-7.758208e-01	inf	19.033873	0.000000	0.012491	3314.807682	3315.822267	99.969402	32	1436	2
	0.310000	0.500000	1.000000	11	12	30	0	1	0	10	0	1589	-1.533158	0.000000	3	-9.309430e-04	-7.758208e-01	inf	21.985455	0.000000	0.006331	3688.308409	3689.359844	99.971501	32	1556	2
	0.310000	0.500000	1.000000	11	12	30	0	1	0	10	0	1689	-1.533158	0.000000	3	-9.102761e-04	-7.758208e-01	inf	25.796801	0.000000	0.002632	3916.018494	3917.099127	99.972412	32	1653	2
	0.310000	0.500000	1.000000	11	12	30	0	1	0	10	0	1789	-1.533158	0.000000	3	-9.083570e-04	-7.758208e-01	inf	40.428875	0.000000	0.000091	4090.023560	4091.133087	99.972880	32	1783	2
	0.310000	0.500000	1.000000	11	12	30	0	1	0	10	0	1889	-1.533158	0.000000	3	-8.295933e-05	-7.758208e-01	inf	48.399628	0.000000	0.000014	695.983559	697.101557	99.839622	6	1811	0
	0.310000	0.500000	1.000000	11	12	30	0	1	0	10	0	1989	-1.533158	0.000000	3	-8.295933e-05	-7.758208e-01	inf	48.399628	0.000000	0.000014	438.582160	439.698161	99.746189	4	1811	0
	0.310000	0.500000	1.000000	11	12	30	0	1	0	10	0	1711	-2.555264	0.000000	5	-1.508513e-03	-7.758208e-01	inf	29.536404	0.000000	0.001113	3900.101451	3901.196944	99.971919	32	1710	2
	0.310000	0.500000	1.000000	11	12	30	0	1	0	10	0	1811	-2.555264	0.000000	5	-5.328291e-05	-7.758208e-01	inf	48.397190	0.000000	0.000014	1204.776593	1205.895910	99.907180	10	1811	3
	0.310000	0.500000	1.000000	11	12	30	0	1	0	10	0	1911	-2.555264	0.000000	5	-8.295933e-05	-7.758208e-01	inf	48.399628	0.000000	0.000014	703.649395	704.767582	99.841340	6	1811	0
	0.310000	0.500000	1.000000	11	12	30	0	1	0	10	0	2011	-2.555264	0.000000	5	-8.295933e-05	-7.758208e-01	inf	48.399628	0.000000	0.000014	596.622692	597.740636	99.812972	5	1811	0
	0.310000	0.500000	1.000000	1	12	30	0	1	0	50	0	1711	-0.511053	0.000000	1	-8.296308e-05	-5.109042e-01	inf	17.833895	0.000000	0.016467	1382.262142	1383.293465	99.925444	32	1489	2
	0.310000	0.500000	1.000000	1	12	30	0	1	0	50	0	1389	-1.533158	0.000000	3	-5.219869e-02	-7.758197e-01	inf	25.843975	0.000000	0.002604	139.244896	140.231731	99.296283	6	1389	3
	0.310000	0.500000	1.000000	1	12	30	0	1	0	50	0	1489	-1.533158	0.000000	3	-2.352539e-02	-7.758202e-01	inf	28.632771	0.000000	0.001370	163.244141	164.275184	99.372368	6	1489	3
	0.310000	0.500000	1.000000	1	12	30	0	1	0	50	0	1589	-1.533158	0.000000	3	-1.438679e-02	-7.758208e-01	inf	33.172489	0.000000	0.000482	261.573812	262.636620	99.595331	8	1589	3
	0.310000	0.500000	1.000000	1	12	30	0	1	0	50	0	1689	-1.533158	0.000000	3	-5.034692e-03	-7.758208e-01	inf	40.291718	0.000000	0.000094	512.148176	513.235610	99.788122	13	1689	3
	0.310000	0.500000	1.000000	1	12	30	0	1	0	50	0	1789	-1.533158	0.000000	3	-1.841796e-04	-7.758208e-01	inf	48.203270	0.000000	0.000015	1477.726165	1478.840537	99.924646	32	1782	2
	0.310000	0.500000	1.000000	1	12	30	0	1	0	50	0	1889	-1.533158	0.000000	3	-5.019677e-04	-7.758208e-01	inf	48.428375	0.000000	0.000014	1594.882082	1595.999031	99.930016	32	1807	2
	0.310000	0.500000	1.000000	1	12	30	0	1	0	50	0	1989	-1.533158	0.000000	3	-2.094279e-05	-7.758208e-01	inf	48.402336	0.000000	0.000014	1720.059546	1721.174183	99.935240	32	1811	2
	0.310000	0.500000	1.000000	1	12	30	0	1	0	50	0	1711	-2.555264	0.000000	5	-2.214045e-03	-7.758208e-01	inf	41.888985	0.000000	0.000065	927.113544	928.205056	99.882406	22	1711	3
	0.310000	0.500000	1.000000	1	12	30	0	1	0	50	0	1811	-2.555264	0.000000	5	-1.669173e-04	-7.758208e-01	inf	47.829971	0.000000	0.000016	1482.577861	1483.683945	99.925450	32	1778	2
	0.310000	0.500000	1.000000	1	12	30	0	1	0	50	0	1911	-2.555264	0.000000	5	-5.170767e-04	-7.758208e-01	inf	48.466202	0.000000	0.000014	1611.112842	1612.227213	99.930880	32	1802	2
	0.310000	0.500000	1.000000	11	12	30	0	1	0	50	0	1702	-0.511053	0.000000	1	-8.295933e-05	-5.109042e-01	inf	17.833923	0.000000	0.016467	494.557302	495.587804	99.792065	5	1489	0
	0.310000	0.500000	1.000000	11	12	30	0	1	0	50	0	1389	-1.533158	0.000000	3	-2.847323e-02	-6.907206e-01	inf	21.303055	0.000000	0.007408	298.039319	299.034825	99.667094	4	1389	3
	0.310000	0.500000	1.000000	11	12	30	0	1	0	50	0	1489	-1.533158	0.000000	3	-2.322546e-02	-7.089233e-01	inf	23.830973	0.000000	0.004139	309.065516	310.047826	99.683175	4	1489	3
	0.310000	0.500000	1.000000	11	12	30	0	1	0	50	0	1589	-1.533158	0.000000	3	-1.763275e-02	-7.338125e-01	inf	27.248419	0.000000	0.001884	347.253590	348.316238	99.694919	4	1589	3
	0.310000	0.500000	1.000000	11	12	30	0	1	0	50	0	1689	-1.533158	0.000000	3	-1.190001e-02	-7.554316e-01	inf	32.665470	0.000000	0.000541	371.554117	372.639837	99.708641	4	1689	3
	0.310000	0.500000	1.000000	11	12	30	0	1	0	50	0	1789	-1.533158	0.000000	3	-3.202677e-03	-7.728002e-01	inf	44.873329	0.000000	0.000033	394.048364	395.159510	99.718811	4	1789	3
	0.310000	0.500000	1.000000	11	12	30	0	1	0	50	0	1889	-1.533158	0.000000	3	-8.295933e-05	-7.758208e-01	inf	48.399628	0.000000	0.000014	1112.646851	1113.763486	99.899742	9	1811	0
	0.310000	0.500000	1.000000	11	12	30	0	1	0	50	0	1989	-1.533158	0.000000	3	-8.295933e-05	-7.758208e-01	inf	48.399628	0.000000	0.000014	731.464256	732.582377	99.847373	6	1811	0
	0.310000	0.500000	1.000000	11	12	30	0	1	0	50	0	1711	-2.555264	0.000000	5	-1.313781e-02	-7.608149e-01	inf	34.738480	0.000000	0.000336	376.583246	377.673759	99.711255	4	1711	3
	0.310000	0.500000	1.000000	11	12	30	0	1	0	50	0	1811	-2.555264	0.000000	5	-2.105082e-04	-7.758208e-01	inf	48.400829	0.000000	0.000014	4115.520967	4116.637152	99.972886	32	1810	2
	0.310000	0.500000	1.000000	11	12	30	0	1	0	50	0	1911	-2.555264	0.000000	5	-8.295933e-05	-7.758208e-01	inf	48.399628	0.000000	0.000014	1118.230702	1119.347644	99.900215	9	1811	0
	0.310000	0.500000	1.000000	11	12	30	0	1	0	50	0	2011	-2.555264	0.000000	5	-8.295933e-05	-7.758208e-01	inf	48.399628	0.000000	0.000014	884.557643	885.674839	99.873859	7	1811	0
	0.310000	0.500000	1.000000	1	12	30	0	1	0	90	0	1711	-0.511053	0.000000	1	-7.933380e-05	-5.109035e-01	inf	17.834766	0.000000	0.016464	1352.637012	1353.668616	99.923792	32	1489	2
	0.310000	0.500000	1.000000	1	12	30	0	1	0	90	0	1389	-1.533158	0.000000	3	-3.371320e-02	-7.754711e-01	inf	25.368055	0.000000	0.002905	170.691367	171.681577	99.423229	7	1389	3
	0.310000	0.500000	1.000000	1	12	30	0	1	0	90	0	1489	-1.533158	0.000000	3	-2.092993e-02	-7.757586e-01	inf	28.410912	0.000000	0.001442	234.512165	235.544173	99.561862	8	1489	3
	0.310000	0.500000	1.000000	1	12	30	0	1	0	90	0	1589	-1.533158	0.000000	3	-1.352912e-02	-7.758203e-01	inf	33.017792	0.000000	0.000499	379.754668	380.815324	99.721478	11	1589	3
	0.310000	0.500000	1.000000	1	12	30	0	1	0	90	0	1689	-1.533158	0.000000	3	-2.382709e-03	-7.758208e-01	inf	39.877918	0.000000	0.000103	685.472019	686.559118	99.841660	17	1689	3
	0.310000	0.500000	1.000000	1	12	30	0	1	0	90	0	1789	-1.533158	0.000000	3	-1.706929e-04	-7.758208e-01	inf	47.697567	0.000000	0.000017	1468.079777	1469.190439	99.924403	32	1774	2
	0.310000	0.500000	1.000000	1	12	30	0	1	0	90	0	1889	-1.533158	0.000000	3	-3.918798e-04	-7.758208e-01	inf	48.457687	0.000000	0.000014	1585.861053	1586.978575	99.929582	32	1802	2
	0.310000	0.500000	1.000000	1	12	30	0	1	0	90	0	1989	-1.533158	0.000000	3	-4.789886e-04	-7.758208e-01	inf	48.419987	0.000000	0.000014	1742.972532	1744.092120	99.935807	32	1808	2
	0.310000	0.500000	1.000000	1	12	30	0	1	0	90	0	1708	-2.555264	0.000000	5	-1.341521e-03	-7.758208e-01	inf	41.432693	0.000000	0.000072	1261.693622	1262.785364	99.913545	30	1708	3
	0.310000	0.500000	1.000000	1	12	30	0	1	0	90	0	1808	-2.555264	0.000000	5	-4.322876e-04	-7.758208e-01	inf	46.408451	0.000000	0.000023	1505.725973	1506.833418	99.926505	32	1764	2
	0.310000	0.500000	1.000000	1	12	30	0	1	0	90	0	1908	-2.555264	0.000000	5	-4.785310e-05	-7.758208e-01	inf	48.241123	0.000000	0.000015	1622.658798	1623.772515	99.931412	32	1792	2
	0.310000	0.500000	1.000000	11	12	30	0	1	0	90	0	1692	-0.511053	0.000000	1	-8.295933e-05	-5.109042e-01	inf	17.833923	0.000000	0.016467	755.983470	757.012870	99.864018	7	1489	0
	0.310000	0.500000	1.000000	11	12	30	0	1	0	90	0	1389	-1.533158	0.000000	3	-3.399468e-02	-6.914767e-01	inf	21.445618	0.000000	0.007169	300.504939	301.497569	99.670767	4	1389	3
	0.310000	0.500000	1.000000	11	12	30	0	1	0	90	0	1489	-1.533158	0.000000	3	-2.837369e-02	-7.096900e-01	inf	24.017012	0.000000	0.003966	312.672095	313.655843	99.686361	4	1489	3
	0.310000	0.500000	1.000000	11	12	30	0	1	0	90	0	1589	-1.533158	0.000000	3	-2.293193e-02	-7.355858e-01	inf	27.677067	0.000000	0.001707	467.960898	469.025531	99.773012	5	1589	3
	0.310000	0.500000	1.000000	11	12	30	0	1	0	90	0	1689	-1.533158	0.000000	3	-1.487615e-02	-7.558226e-01	inf	33.020657	0.000000	0.000499	375.750818	376.842432	99.710326	4	1689	3
	0.310000	0.500000	1.000000	11	12	30	0	1	0	90	0	1789	-1.533158	0.000000	3	-2.596049e-03	-7.723525e-01	inf	44.857487	0.000000	0.000033	397.579251	398.692662	99.720734	4	1789	3
	0.310000	0.500000	1.000000	11	12	30	0	1	0	90	0	1889	-1.533158	0.000000	3	-8.295933e-05	-7.758208e-01	inf	48.399628	0.000000	0.000014	1116.281086	1117.398540	99.899995	9	1811	0
	0.310000	0.500000	1.000000	11	12	30	0	1	0	90	0	1989	-1.533158	0.000000	3	-8.295933e-05	-7.758208e-01	inf	48.399628	0.000000	0.000014	1023.051280	1024.168775	99.890888	8	1811	0
	0.310000	0.500000	1.000000	11	12	30	0	1	0	90	0	1711	-2.555264	0.000000	5	-1.513940e-02	-7.612779e-01	inf	35.332100	0.000000	0.000293	384.627348	385.722117	99.716177	4	1711	3
	0.310000	0.500000	1.000000	11	12	30	0	1	0	90	0	1811	-2.555264	0.000000	5	-1.892404e-04	-7.758208e-01	inf	48.401123	0.000000	0.000014	4319.010291	4320.199046	99.972484	32	1810	2
	0.310000	0.500000	1.000000	11	12	30	0	1	0	90	0	1911	-2.555264	0.000000	5	-8.295933e-05	-7.758208e-01	inf	48.399628	0.000000	0.000014	1343.755054	1344.944667	99.911549	10	1811	0
	0.310000	0.500000	1.000000	11	12	30	0	1	0	90	0	2011	-2.555264	0.000000	5	-8.295933e-05	-7.758208e-01	inf	48.399628	0.000000	0.000014	1433.351609	1434.844267	99.895971	9	1811	0
	0.310000	0.500000	1.000000	1	6	40	0	1	0	10	0	1711	-0.511053	0.000000	1	-8.295931e-05	-5.109042e-01	inf	17.833923	0.000000	0.016467	2005.512042	2007.178216	99.916989	42	1489	2
	0.310000	0.500000	1.000000	1	6	40	0	1	0	10	0	1389	-1.533158	0.000000	3	-5.306308e-02	-7.758208e-01	inf	25.898556	0.000000	0.002571	115.622523	116.718487	99.061019	5	1389	3
	0.310000	0.500000	1.000000	1	6	40	0	1	0	10	0	1489	-1.533158	0.000000	3	-3.767821e-02	-7.758208e-01	inf	29.206589	0.000000	0.001200	167.274870	168.308989	99.385583	6	1489	3
	0.310000	0.500000	1.000000	1	6	40	0	1	0	10	0	1589	-1.533158	0.000000	3	-1.782525e-02	-7.758208e-01	inf	33.447266	0.000000	0.000452	233.248346	234.309571	99.547084	7	1589	3
	0.310000	0.500000	1.000000	1	6	40	0	1	0	10	0	1689	-1.533158	0.000000	3	-6.002945e-03	-7.758208e-01	inf	40.457115	0.000000	0.000090	437.887854	438.976555	99.751991	11	1689	3
	0.310000	0.500000	1.000000	1	6	40	0	1	0	10	0	1789	-1.533158	0.000000	3	-3.524028e-04	-7.758208e-01	inf	48.404572	0.000000	0.000014	1991.942332	1993.058976	99.943973	42	1788	2
	0.310000	0.500000	1.000000	1	6	40	0	1	0	10	0	1889	-1.533158	0.000000	3	-3.484456e-05	-7.758208e-01	inf	48.404324	0.000000	0.000014	2171.108082	2172.229079	99.948394	42	1810	2
	0.310000	0.500000	1.000000	1	6	40	0	1	0	10	0	1989	-1.533158	0.000000	3	-8.198137e-05	-7.758208e-01	inf	48.399654	0.000000	0.000014	2319.611379	2320.731488	99.951735	42	1811	2
	0.310000	0.500000	1.000000	1	6	40	0	1	0	10	0	1711	-2.555264	0.000000	5	-2.209157e-03	-7.758208e-01	inf	41.925495	0.000000	0.000064	754.788197	755.885740	99.854800	18	1711	3
	0.310000	0.500000	1.000000	1	6	40	0	1	0	10	0	1811	-2.555264	0.000000	5	-4.854198e-04	-7.758208e-01	inf	48.394165	0.000000	0.000014	1995.521001	1996.637034	99.944104	42	1792	2
	0.310000	0.500000	1.000000	1	6	40	0	1	0	10	0	1911	-2.555264	0.000000	5	-4.467861e-04	-7.758208e-01	inf	48.418148	0.000000	0.000014	2165.442304	2166.561912	99.948323	42	1808	2
	0.310000	0.500000	1.000000	11	6	40	0	1	0	10	0	1708	-0.511053	0.000000	1	-8.295933e-05	-5.109042e-01	inf	17.833923	0.000000	0.016467	384.103311	385.130365	99.733323	4	1489	0
	0.310000	0.500000	1.000000	11	6	40	0	1	0	10	0	1389	-1.533158	0.000000	3	-1.431762e-03	-7.758208e-01	inf	17.381308	0.000000	0.018276	4213.992489	4214.975925	99.976668	42	1335	2
	0.310000	0.500000	1.000000	11	6	40	0	1	0	10	0	1489	-1.533158	0.000000	3	-9.335710e-04	-7.758208e-01	inf	19.379871	0.000000	0.011535	4533.219956	4534.247084	99.977347	42	1453	2
	0.310000	0.500000	1.000000	11	6	40	0	1	0	10	0	1589	-1.533158	0.000000	3	-9.091212e-04	-7.758208e-01	inf	22.191664	0.000000	0.006037	4879.027390	4880.082784	99.978373	42	1562	2
	0.310000	0.500000	1.000000	11	6	40	0	1	0	10	0	1689	-1.533158	0.000000	3	-9.083279e-04	-7.758208e-01	inf	26.018045	0.000000	0.002501	5208.548372	5209.630499	99.979228	42	1661	2
	0.310000	0.500000	1.000000	11	6	40	0	1	0	10	0	1789	-1.533158	0.000000	3	-9.082863e-04	-7.758208e-01	inf	41.213707	0.000000	0.000076	5486.839528	5487.953927	99.979694	42	1788	2
	0.310000	0.500000	1.000000	11	6	40	0	1	0	10	0	1889	-1.533158	0.000000	3	-8.295933e-05	-7.758208e-01	inf	48.399628	0.000000	0.000014	423.943840	425.061649	99.737024	4	1811	0
	0.310000	0.500000	1.000000	11	6	40	0	1	0	10	0	1989	-1.533158	0.000000	3	-8.295933e-05	-7.758208e-01	inf	48.399628	0.000000	0.000014	298.911204	300.032202	99.626374	3	1811	0
	0.310000	0.500000	1.000000	11	6	40	0	1	0	10	0	1711	-2.555264	0.000000	5	-1.473262e-03	-7.758208e-01	inf	29.510340	0.000000	0.001119	5283.216720	5284.312071	99.979272	42	1710	2
	0.310000	0.500000	1.000000	11	6	40	0	1	0	10	0	1811	-2.555264	0.000000	5	-5.328291e-05	-7.758208e-01	inf	48.397190	0.000000	0.000014	1227.156951	1228.275059	99.908969	10	1811	3
	0.310000	0.500000	1.000000	11	6	40	0	1	0	10	0	1911	-2.555264	0.000000	5	-8.295933e-05	-7.758208e-01	inf	48.399628	0.000000	0.000014	430.958601	432.078068	99.740911	4	1811	0
	0.310000	0.500000	1.000000	11	6	40	0	1	0	10	0	2011	-2.555264	0.000000	5	-8.295933e-05	-7.758208e-01	inf	48.399628	0.000000	0.000014	302.754497	303.874129	99.631547	3	1811	0
	0.310000	0.500000	1.000000	1	6	40	0	1	0	50	0	1711	-0.511053	0.000000	1	-8.295909e-05	-5.109042e-01	inf	17.833920	0.000000	0.016467	1867.807334	1868.843994	99.944529	42	1489	2
	0.310000	0.500000	1.000000	1	6	40	0	1	0	50	0	1389	-1.533158	0.000000	3	-5.219869e-02	-7.758197e-01	inf	25.843975	0.000000	0.002604	142.272941	143.268779	99.304916	6	1389	3
	0.310000	0.500000	1.000000	1	6	40	0	1	0	50	0	1489	-1.533158	0.000000	3	-2.352539e-02	-7.758202e-01	inf	28.632771	0.000000	0.001370	166.956278	167.988467	99.385560	6	1489	3
	0.310000	0.500000	1.000000	1	6	40	0	1	0	50	0	1589	-1.533158	0.000000	3	-1.438679e-02	-7.758208e-01	inf	33.172489	0.000000	0.000482	269.750671	270.815298	99.606881	8	1589	3
	0.310000	0.500000	1.000000	1	6	40	0	1	0	50	0	1689	-1.533158	0.000000	3	-5.034692e-03	-7.758208e-01	inf	40.291718	0.000000	0.000094	519.870206	520.960304	99.790752	13	1689	3
	0.310000	0.500000	1.000000	1	6	40	0	1	0	50	0	1789	-1.533158	0.000000	3	-8.717030e-04	-7.758208e-01	inf	48.352608	0.000000	0.000015	1989.359461	1990.473241	99.944044	42	1786	2
	0.310000	0.500000	1.000000	1	6	40	0	1	0	50	0	1889	-1.533158	0.000000	3	-5.973503e-04	-7.758208e-01	inf	48.411060	0.000000	0.000014	2167.479257	2168.599251	99.948354	42	1808	2
	0.310000	0.500000	1.000000	1	6	40	0	1	0	50	0	1989	-1.533158	0.000000	3	-7.592173e-05	-7.758208e-01	inf	48.399860	0.000000	0.000014	2318.523784	2319.641790	99.951803	42	1811	2
	0.310000	0.500000	1.000000	1	6	40	0	1	0	50	0	1711	-2.555264	0.000000	5	-2.214045e-03	-7.758208e-01	inf	41.888985	0.000000	0.000065	933.657298	934.752306	99.882856	22	1711	3
	0.310000	0.500000	1.000000	1	6	40	0	1	0	50	0	1811	-2.555264	0.000000	5	-2.411035e-04	-7.758208e-01	inf	48.254410	0.000000	0.000015	1996.489165	1997.600896	99.944347	42	1787	2
	0.310000	0.500000	1.000000	1	6	40	0	1	0	50	0	1911	-2.555264	0.000000	5	-1.793600e-04	-7.758208e-01	inf	48.439053	0.000000	0.000014	2165.182388	2166.300302	99.948395	42	1807	2
	0.310000	0.500000	1.000000	11	6	40	0	1	0	50	0	1707	-0.511053	0.000000	1	-8.295933e-05	-5.109042e-01	inf	17.833923	0.000000	0.016467	383.289494	384.323263	99.731016	4	1489	0
	0.310000	0.500000	1.000000	11	6	40	0	1	0	50	0	1389	-1.533158	0.000000	3	-2.847323e-02	-6.907206e-01	inf	21.303055	0.000000	0.007408	306.681245	307.682068	99.674722	4	1389	3
	0.310000	0.500000	1.000000	11	6	40	0	1	0	50	0	1489	-1.533158	0.000000	3	-2.322546e-02	-7.089233e-01	inf	23.830973	0.000000	0.004139	320.290155	321.274293	99.693677	4	1489	3
	0.310000	0.500000	1.000000	11	6	40	0	1	0	50	0	1589	-1.533158	0.000000	3	-1.763275e-02	-7.338125e-01	inf	27.248419	0.000000	0.001884	357.666322	358.730658	99.703305	4	1589	3
	0.310000	0.500000	1.000000	11	6	40	0	1	0	50	0	1689	-1.533158	0.000000	3	-1.190001e-02	-7.554316e-01	inf	32.665470	0.000000	0.000541	382.242678	383.333014	99.715564	4	1689	3
	0.310000	0.500000	1.000000	11	6	40	0	1	0	50	0	1789	-1.533158	0.000000	3	-3.202677e-03	-7.728002e-01	inf	44.873329	0.000000	0.000033	402.823706	403.938470	99.724026	4	1789	3
	0.310000	0.500000	1.000000	11	6	40	0	1	0	50	0	1889	-1.533158	0.000000	3	-8.295932e-05	-7.758208e-01	inf	48.399628	0.000000	0.000014	569.737824	570.857902	99.803790	5	1811	0
	0.310000	0.500000	1.000000	11	6	40	0	1	0	50	0	1989	-1.533158	0.000000	3	-8.295933e-05	-7.758208e-01	inf	48.399628	0.000000	0.000014	446.728955	447.847792	99.750175	4	1811	0
	0.310000	0.500000	1.000000	11	6	40	0	1	0	50	0	1711	-2.555264	0.000000	5	-1.313781e-02	-7.608149e-01	inf	34.738480	0.000000	0.000336	385.051043	386.144301	99.716878	4	1711	3
	0.310000	0.500000	1.000000	11	6	40	0	1	0	50	0	1811	-2.555264	0.000000	5	-1.494794e-05	-7.758208e-01	inf	48.400322	0.000000	0.000014	5420.434737	5421.552481	99.979383	41	1811	3
	0.310000	0.500000	1.000000	11	6	40	0	1	0	50	0	1911	-2.555264	0.000000	5	-8.295932e-05	-7.758208e-01	inf	48.399632	0.000000	0.000014	573.100404	574.219150	99.805171	5	1811	0
	0.310000	0.500000	1.000000	11	6	40	0	1	0	50	0	2011	-2.555264	0.000000	5	-8.295932e-05	-7.758208e-01	inf	48.399624	0.000000	0.000014	455.251165	456.369439	99.754963	4	1811	0
	0.310000	0.500000	1.000000	1	6	40	0	1	0	90	0	1711	-0.511053	0.000000	1	-8.299232e-05	-5.109042e-01	inf	17.834116	0.000000	0.016466	1854.725989	1855.759075	99.944331	42	1489	2
	0.310000	0.500000	1.000000	1	6	40	0	1	0	90	0	1389	-1.533158	0.000000	3	-3.371320e-02	-7.754711e-01	inf	25.368055	0.000000	0.002905	175.158936	176.155154	99.434466	7	1389	3
	0.310000	0.500000	1.000000	1	6	40	0	1	0	90	0	1489	-1.533158	0.000000	3	-2.092993e-02	-7.757586e-01	inf	28.410912	0.000000	0.001442	235.131038	236.164575	99.562366	8	1489	3
	0.310000	0.500000	1.000000	1	6	40	0	1	0	90	0	1589	-1.533158	0.000000	3	-1.352912e-02	-7.758203e-01	inf	33.017792	0.000000	0.000499	382.875081	383.940025	99.722628	11	1589	3
	0.310000	0.500000	1.000000	1	6	40	0	1	0	90	0	1689	-1.533158	0.000000	3	-2.382709e-03	-7.758208e-01	inf	39.877918	0.000000	0.000103	693.005801	694.095820	99.842958	17	1689	3
	0.310000	0.500000	1.000000	1	6	40	0	1	0	90	0	1789	-1.533158	0.000000	3	-6.610944e-04	-7.758208e-01	inf	48.131641	0.000000	0.000015	1987.820929	1988.936907	99.943891	42	1781	2
	0.310000	0.500000	1.000000	1	6	40	0	1	0	90	0	1889	-1.533158	0.000000	3	-2.783397e-04	-7.758208e-01	inf	48.435661	0.000000	0.000014	2150.577567	2151.697501	99.947951	42	1807	2
	0.310000	0.500000	1.000000	1	6	40	0	1	0	90	0	1989	-1.533158	0.000000	3	-9.615473e-05	-7.758208e-01	inf	48.404491	0.000000	0.000014	2317.723808	2318.850457	99.951413	42	1810	2
	0.310000	0.500000	1.000000	1	6	40	0	1	0	90	0	1710	-2.555264	0.000000	5	-1.915719e-03	-7.758208e-01	inf	41.731804	0.000000	0.000067	1322.063249	1323.199491	99.914129	31	1710	3
	0.310000	0.500000	1.000000	1	6	40	0	1	0	90	0	1810	-2.555264	0.000000	5	-7.435561e-05	-7.758208e-01	inf	47.590702	0.000000	0.000017	1985.721232	1986.831936	99.944097	42	1776	2
	0.310000	0.500000	1.000000	1	6	40	0	1	0	90	0	1910	-2.555264	0.000000	5	-3.464011e-04	-7.758208e-01	inf	48.457355	0.000000	0.000014	2677.968127	2679.082020	99.958423	42	1800	2
	0.310000	0.500000	1.000000	11	6	40	0	1	0	90	0	1700	-0.511053	0.000000	1	-8.295933e-05	-5.109042e-01	inf	17.833923	0.000000	0.016467	378.428348	379.464527	99.726937	4	1489	0
	0.310000	0.500000	1.000000	11	6	40	0	1	0	90	0	1389	-1.533158	0.000000	3	-3.399468e-02	-6.914767e-01	inf	21.445618	0.000000	0.007169	302.107682	303.091198	99.675505	4	1389	3
	0.310000	0.500000	1.000000	11	6	40	0	1	0	90	0	1489	-1.533158	0.000000	3	-2.837369e-02	-7.096900e-01	inf	24.017012	0.000000	0.003966	316.882616	317.868238	99.689927	4	1489	3
	0.310000	0.500000	1.000000	11	6	40	0	1	0	90	0	1589	-1.533158	0.000000	3	-2.293193e-02	-7.355858e-01	inf	27.677067	0.000000	0.001707	470.060626	471.120894	99.774948	5	1589	3
	0.310000	0.500000	1.000000	11	6	40	0	1	0	90	0	1689	-1.533158	0.000000	3	-1.487615e-02	-7.558226e-01	inf	33.020657	0.000000	0.000499	378.160221	379.246807	99.713488	4	1689	3
	0.310000	0.500000	1.000000	11	6	40	0	1	0	90	0	1789	-1.533158	0.000000	3	-2.596049e-03	-7.723525e-01	inf	44.857487	0.000000	0.000033	403.994812	405.107763	99.725270	4	1789	3
	0.310000	0.500000	1.000000	11	6	40	0	1	0	90	0	1889	-1.533158	0.000000	3	-8.295933e-05	-7.758208e-01	inf	48.399628	0.000000	0.000014	708.516103	709.634497	99.842399	6	1811	0
	0.310000	0.500000	1.000000	11	6	40	0	1	0	90	0	1989	-1.533158	0.000000	3	-8.295933e-05	-7.758208e-01	inf	48.399628	0.000000	0.000014	594.165938	595.281071	99.812671	5	1811	0
	0.310000	0.500000	1.000000	11	6	40	0	1	0	90	0	1711	-2.555264	0.000000	5	-1.513940e-02	-7.612779e-01	inf	35.332100	0.000000	0.000293	381.191119	382.283460	99.714259	4	1711	3
	0.310000	0.500000	1.000000	11	6	40	0	1	0	90	0	1811	-2.555264	0.000000	5	-2.022725e-04	-7.758208e-01	inf	48.400898	0.000000	0.000014	5518.186579	5519.303767	99.979759	42	1810	2
	0.310000	0.500000	1.000000	11	6	40	0	1	0	90	0	1911	-2.555264	0.000000	5	-8.295932e-05	-7.758208e-01	inf	48.399628	0.000000	0.000014	711.528995	712.644519	99.843467	6	1811	0
	0.310000	0.500000	1.000000	11	6	40	0	1	0	90	0	2011	-2.555264	0.000000	5	-8.295932e-05	-7.758208e-01	inf	48.399628	0.000000	0.000014	601.682051	602.799034	99.814701	5	1811	0
	0.310000	0.500000	1.000000	1	12	40	0	1	0	10	0	1711	-0.511053	0.000000	1	-8.295931e-05	-5.109042e-01	inf	17.833923	0.000000	0.016467	1825.155658	1826.186014	99.943579	42	1489	2
	0.310000	0.500000	1.000000	1	12	40	0	1	0	10	0	1389	-1.533158	0.000000	3	-5.306308e-02	-7.758208e-01	inf	25.898556	0.000000	0.002571	113.010639	113.997086	99.134673	5	1389	3
	0.310000	0.500000	1.000000	1	12	40	0	1	0	10	0	1489	-1.533158	0.000000	3	-3.767821e-02	-7.758208e-01	inf	29.206589	0.000000	0.001200	176.430728	177.479086	99.409306	6	1489	3
	0.310000	0.500000	1.000000	1	12	40	0	1	0	10	0	1589	-1.533158	0.000000	3	-1.782525e-02	-7.758208e-01	inf	33.447266	0.000000	0.000452	237.359827	238.419749	99.555439	7	1589	3
	0.310000	0.500000	1.000000	1	12	40	0	1	0	10	0	1689	-1.533158	0.000000	3	-6.002945e-03	-7.758208e-01	inf	40.457115	0.000000	0.000090	433.061858	434.147384	99.749964	11	1689	3
	0.310000	0.500000	1.000000	1	12	40	0	1	0	10	0	1789	-1.533158	0.000000	3	-3.524028e-04	-7.758208e-01	inf	48.404572	0.000000	0.000014	1922.316095	1923.429303	99.942124	42	1788	2
	0.310000	0.500000	1.000000	1	12	40	0	1	0	10	0	1889	-1.533158	0.000000	3	-3.484456e-05	-7.758208e-01	inf	48.404324	0.000000	0.000014	2099.801923	2100.921187	99.946725	42	1810	2
	0.310000	0.500000	1.000000	1	12	40	0	1	0	10	0	1989	-1.533158	0.000000	3	-8.198137e-05	-7.758208e-01	inf	48.399654	0.000000	0.000014	2278.131483	2279.251017	99.950881	42	1811	2
	0.310000	0.500000	1.000000	1	12	40	0	1	0	10	0	1711	-2.555264	0.000000	5	-2.209157e-03	-7.758208e-01	inf	41.925495	0.000000	0.000064	744.688671	745.784624	99.853047	18	1711	3
	0.310000	0.500000	1.000000	1	12	40	0	1	0	10	0	1811	-2.555264	0.000000	5	-4.854198e-04	-7.758208e-01	inf	48.394165	0.000000	0.000014	1971.366674	1972.479859	99.943564	42	1792	2
	0.310000	0.500000	1.000000	1	12	40	0	1	0	10	0	1911	-2.555264	0.000000	5	-4.467861e-04	-7.758208e-01	inf	48.418148	0.000000	0.000014	2131.222224	2132.335093	99.947810	42	1808	2
	0.310000	0.500000	1.000000	11	12	40	0	1	0	10	0	1708	-0.511053	0.000000	1	-8.295933e-05	-5.109042e-01	inf	17.833923	0.000000	0.016467	377.127892	378.156792	99.727917	4	1489	0
	0.310000	0.500000	1.000000	11	12	40	0	1	0	10	0	1389	-1.533158	0.000000	3	-1.431762e-03	-7.758208e-01	inf	17.381308	0.000000	0.018276	4072.133088	4073.101873	99.976215	42	1335	2
	0.310000	0.500000	1.000000	11	12	40	0	1	0	10	0	1489	-1.533158	0.000000	3	-9.335710e-04	-7.758208e-01	inf	19.379871	0.000000	0.011535	4281.995327	4282.973040	99.977172	42	1453	2
	0.310000	0.500000	1.000000	11	12	40	0	1	0	10	0	1589	-1.533158	0.000000	3	-9.091212e-04	-7.758208e-01	inf	22.191664	0.000000	0.006037	4727.254525	4728.303467	99.977816	42	1562	2
	0.310000	0.500000	1.000000	11	12	40	0	1	0	10	0	1689	-1.533158	0.000000	3	-9.083279e-04	-7.758208e-01	inf	26.018045	0.000000	0.002501	5057.982315	5059.060077	99.978696	42	1661	2
	0.310000	0.500000	1.000000	11	12	40	0	1	0	10	0	1789	-1.533158	0.000000	3	-9.082863e-04	-7.758208e-01	inf	41.213707	0.000000	0.000076	5399.007717	5400.121482	99.979375	42	1788	2
	0.310000	0.500000	1.000000	11	12	40	0	1	0	10	0	1889	-1.533158	0.000000	3	-8.295933e-05	-7.758208e-01	inf	48.399628	0.000000	0.000014	692.618739	693.736064	99.838941	6	1811	0
	0.310000	0.500000	1.000000	11	12	40	0	1	0	10	0	1989	-1.533158	0.000000	3	-8.295933e-05	-7.758208e-01	inf	48.399628	0.000000	0.000014	442.924680	444.044049	99.747915	4	1811	0
	0.310000	0.500000	1.000000	11	12	40	0	1	0	10	0	1711	-2.555264	0.000000	5	-1.473262e-03	-7.758208e-01	inf	29.510340	0.000000	0.001119	5160.524720	5161.615327	99.978871	42	1710	2
	0.310000	0.500000	1.000000	11	12	40	0	1	0	10	0	1811	-2.555264	0.000000	5	-5.328291e-05	-7.758208e-01	inf	48.397190	0.000000	0.000014	1199.041666	1200.160297	99.906793	10	1811	3
	0.310000	0.500000	1.000000	11	12	40	0	1	0	10	0	1911	-2.555264	0.000000	5	-8.295933e-05	-7.758208e-01	inf	48.399628	0.000000	0.000014	701.602653	702.719601	99.841054	6	1811	0
	0.310000	0.500000	1.000000	11	12	40	0	1	0	10	0	2011	-2.555264	0.000000	5	-8.295933e-05	-7.758208e-01	inf	48.399628	0.000000	0.000014	590.991214	592.109936	99.811062	5	1811	0
	0.310000	0.500000	1.000000	1	12	40	0	1	0	50	0	1711	-0.511053	0.000000	1	-8.295909e-05	-5.109042e-01	inf	17.833920	0.000000	0.016467	1763.032992	1764.063670	99.941574	42	1489	2
	0.310000	0.500000	1.000000	1	12	40	0	1	0	50	0	1389	-1.533158	0.000000	3	-5.219869e-02	-7.758197e-01	inf	25.843975	0.000000	0.002604	137.222909	138.213208	99.283499	6	1389	3
	0.310000	0.500000	1.000000	1	12	40	0	1	0	50	0	1489	-1.533158	0.000000	3	-2.352539e-02	-7.758202e-01	inf	28.632771	0.000000	0.001370	165.050866	166.087327	99.375954	6	1489	3
	0.310000	0.500000	1.000000	1	12	40	0	1	0	50	0	1589	-1.533158	0.000000	3	-1.438679e-02	-7.758208e-01	inf	33.172489	0.000000	0.000482	261.076452	262.135720	99.595909	8	1589	3
	0.310000	0.500000	1.000000	1	12	40	0	1	0	50	0	1689	-1.533158	0.000000	3	-5.034692e-03	-7.758208e-01	inf	40.291718	0.000000	0.000094	522.491855	523.582428	99.791709	13	1689	3
	0.310000	0.500000	1.000000	1	12	40	0	1	0	50	0	1789	-1.533158	0.000000	3	-8.717030e-04	-7.758208e-01	inf	48.352608	0.000000	0.000015	1943.218671	1944.331581	99.942761	42	1786	2
	0.310000	0.500000	1.000000	1	12	40	0	1	0	50	0	1889	-1.533158	0.000000	3	-5.973503e-04	-7.758208e-01	inf	48.411060	0.000000	0.000014	2108.940497	2110.057133	99.947080	42	1808	2
	0.310000	0.500000	1.000000	1	12	40	0	1	0	50	0	1989	-1.533158	0.000000	3	-7.592173e-05	-7.758208e-01	inf	48.399860	0.000000	0.000014	2266.414221	2267.532530	99.950682	42	1811	2
	0.310000	0.500000	1.000000	1	12	40	0	1	0	50	0	1711	-2.555264	0.000000	5	-2.214045e-03	-7.758208e-01	inf	41.888985	0.000000	0.000065	909.187318	910.282628	99.879674	22	1711	3
	0.310000	0.500000	1.000000	1	12	40	0	1	0	50	0	1811	-2.555264	0.000000	5	-2.411035e-04	-7.758208e-01	inf	48.254410	0.000000	0.000015	1950.780711	1951.890782	99.943128	42	1787	2
	0.310000	0.500000	1.000000	1	12	40	0	1	0	50	0	1911	-2.555264	0.000000	5	-1.793600e-04	-7.758208e-01	inf	48.439053	0.000000	0.000014	2133.678097	2134.796538	99.947609	42	1807	2
	0.310000	0.500000	1.000000	11	12	40	0	1	0	50	0	1707	-0.511053	0.000000	1	-8.295933e-05	-5.109042e-01	inf	17.833923	0.000000	0.016467	503.255089	504.283115	99.796141	5	1489	0
	0.310000	0.500000	1.000000	11	12	40	0	1	0	50	0	1389	-1.533158	0.000000	3	-2.847323e-02	-6.907206e-01	inf	21.303055	0.000000	0.007408	301.246732	302.253465	99.666924	4	1389	3
	0.310000	0.500000	1.000000	11	12	40	0	1	0	50	0	1489	-1.533158	0.000000	3	-2.322546e-02	-7.089233e-01	inf	23.830973	0.000000	0.004139	308.449340	309.436884	99.680858	4	1489	3
	0.310000	0.500000	1.000000	11	12	40	0	1	0	50	0	1589	-1.533158	0.000000	3	-1.763275e-02	-7.338125e-01	inf	27.248419	0.000000	0.001884	348.113384	349.172939	99.696553	4	1589	3
	0.310000	0.500000	1.000000	11	12	40	0	1	0	50	0	1689	-1.533158	0.000000	3	-1.190001e-02	-7.554316e-01	inf	32.665470	0.000000	0.000541	372.278770	373.368184	99.708220	4	1689	3
	0.310000	0.500000	1.000000	11	12	40	0	1	0	50	0	1789	-1.533158	0.000000	3	-3.202677e-03	-7.728002e-01	inf	44.873329	0.000000	0.000033	394.395963	395.509854	99.718366	4	1789	3
	0.310000	0.500000	1.000000	11	12	40	0	1	0	50	0	1889	-1.533158	0.000000	3	-8.295933e-05	-7.758208e-01	inf	48.399628	0.000000	0.000014	1104.677302	1105.794680	99.898952	9	1811	0
	0.310000	0.500000	1.000000	11	12	40	0	1	0	50	0	1989	-1.533158	0.000000	3	-8.295933e-05	-7.758208e-01	inf	48.399628	0.000000	0.000014	730.405853	731.525088	99.847000	6	1811	0
	0.310000	0.500000	1.000000	11	12	40	0	1	0	50	0	1711	-2.555264	0.000000	5	-1.313781e-02	-7.608149e-01	inf	34.738480	0.000000	0.000336	377.832516	378.928759	99.710699	4	1711	3
	0.310000	0.500000	1.000000	11	12	40	0	1	0	50	0	1811	-2.555264	0.000000	5	-1.494794e-05	-7.758208e-01	inf	48.400322	0.000000	0.000014	5465.877059	5467.018210	99.979127	41	1811	3
	0.310000	0.500000	1.000000	11	12	40	0	1	0	50	0	1911	-2.555264	0.000000	5	-8.295933e-05	-7.758208e-01	inf	48.399628	0.000000	0.000014	1135.403591	1136.560276	99.898229	9	1811	0
	0.310000	0.500000	1.000000	11	12	40	0	1	0	50	0	2011	-2.555264	0.000000	5	-8.295933e-05	-7.758208e-01	inf	48.399628	0.000000	0.000014	892.555589	893.674840	99.874759	7	1811	0
	0.310000	0.500000	1.000000	1	12	40	0	1	0	90	0	1711	-0.511053	0.000000	1	-8.299232e-05	-5.109042e-01	inf	17.834116	0.000000	0.016466	2027.961025	2029.038912	99.946877	42	1489	2
	0.310000	0.500000	1.000000	1	12	40	0	1	0	90	0	1389	-1.533158	0.000000	3	-3.371320e-02	-7.754711e-01	inf	25.368055	0.000000	0.002905	318.072052	319.115906	99.672892	7	1389	3
	0.310000	0.500000	1.000000	1	12	40	0	1	0	90	0	1489	-1.533158	0.000000	3	-2.092993e-02	-7.757586e-01	inf	28.410912	0.000000	0.001442	233.971922	235.009763	99.558384	8	1489	3
	0.310000	0.500000	1.000000	1	12	40	0	1	0	90	0	1589	-1.533158	0.000000	3	-1.352912e-02	-7.758203e-01	inf	33.017792	0.000000	0.000499	384.961591	386.027445	99.723892	11	1589	3
	0.310000	0.500000	1.000000	1	12	40	0	1	0	90	0	1689	-1.533158	0.000000	3	-2.382709e-03	-7.758208e-01	inf	39.877918	0.000000	0.000103	695.040212	696.130189	99.843423	17	1689	3
	0.310000	0.500000	1.000000	1	12	40	0	1	0	90	0	1789	-1.533158	0.000000	3	-6.610944e-04	-7.758208e-01	inf	48.131641	0.000000	0.000015	1970.336048	1971.446523	99.943672	42	1781	2
	0.310000	0.500000	1.000000	1	12	40	0	1	0	90	0	1889	-1.533158	0.000000	3	-2.783397e-04	-7.758208e-01	inf	48.435661	0.000000	0.000014	2150.779091	2151.895586	99.948116	42	1807	2
	0.310000	0.500000	1.000000	1	12	40	0	1	0	90	0	1989	-1.533158	0.000000	3	-9.615473e-05	-7.758208e-01	inf	48.404491	0.000000	0.000014	2309.340940	2310.457769	99.951662	42	1810	2
	0.310000	0.500000	1.000000	1	12	40	0	1	0	90	0	1710	-2.555264	0.000000	5	-1.915719e-03	-7.758208e-01	inf	41.731804	0.000000	0.000067	1296.851333	1297.944004	99.915815	31	1710	3
	0.310000	0.500000	1.000000	1	12	40	0	1	0	90	0	1810	-2.555264	0.000000	5	-7.435561e-05	-7.758208e-01	inf	47.590702	0.000000	0.000017	1927.384020	1928.493177	99.942486	42	1776	2
	0.310000	0.500000	1.000000	1	12	40	0	1	0	90	0	1910	-2.555264	0.000000	5	-3.464011e-04	-7.758208e-01	inf	48.457355	0.000000	0.000014	2109.643234	2110.757465	99.947212	42	1800	2
	0.310000	0.500000	1.000000	11	12	40	0	1	0	90	0	1700	-0.511053	0.000000	1	-8.295933e-05	-5.109042e-01	inf	17.833923	0.000000	0.016467	623.750562	624.785300	99.834385	6	1489	0
	0.310000	0.500000	1.000000	11	12	40	0	1	0	90	0	1389	-1.533158	0.000000	3	-3.399468e-02	-6.914767e-01	inf	21.445618	0.000000	0.007169	299.077817	300.074325	99.667913	4	1389	3
	0.310000	0.500000	1.000000	11	12	40	0	1	0	90	0	1489	-1.533158	0.000000	3	-2.837369e-02	-7.096900e-01	inf	24.017012	0.000000	0.003966	316.243323	317.230046	99.688957	4	1489	3
	0.310000	0.500000	1.000000	11	12	40	0	1	0	90	0	1589	-1.533158	0.000000	3	-2.293193e-02	-7.355858e-01	inf	27.677067	0.000000	0.001707	474.586894	475.649257	99.776650	5	1589	3
	0.310000	0.500000	1.000000	11	12	40	0	1	0	90	0	1689	-1.533158	0.000000	3	-1.487615e-02	-7.558226e-01	inf	33.020657	0.000000	0.000499	380.343421	381.432704	99.714423	4	1689	3
	0.310000	0.500000	1.000000	11	12	40	0	1	0	90	0	1789	-1.533158	0.000000	3	-2.596049e-03	-7.723525e-01	inf	44.857487	0.000000	0.000033	399.319398	400.428554	99.723008	4	1789	3
	0.310000	0.500000	1.000000	11	12	40	0	1	0	90	0	1889	-1.533158	0.000000	3	-8.295933e-05	-7.758208e-01	inf	48.399628	0.000000	0.000014	1127.667165	1128.784436	99.901020	9	1811	0
	0.310000	0.500000	1.000000	11	12	40	0	1	0	90	0	1989	-1.533158	0.000000	3	-8.295933e-05	-7.758208e-01	inf	48.399628	0.000000	0.000014	1039.586010	1040.703811	99.892592	8	1811	0
	0.310000	0.500000	1.000000	11	12	40	0	1	0	90	0	1711	-2.555264	0.000000	5	-1.513940e-02	-7.612779e-01	inf	35.332100	0.000000	0.000293	382.893957	383.989434	99.714712	4	1711	3
	0.310000	0.500000	1.000000	11	12	40	0	1	0	90	0	1811	-2.555264	0.000000	5	-2.022725e-04	-7.758208e-01	inf	48.400898	0.000000	0.000014	5534.916364	5536.033778	99.979816	42	1810	2
	0.310000	0.500000	1.000000	11	12	40	0	1	0	90	0	1911	-2.555264	0.000000	5	-8.295933e-05	-7.758208e-01	inf	48.399628	0.000000	0.000014	1258.836584	1259.951502	99.911511	10	1811	0
	0.310000	0.500000	1.000000	11	12	40	0	1	0	90	0	2011	-2.555264	0.000000	5	-8.295933e-05	-7.758208e-01	inf	48.399628	0.000000	0.000014	1184.132870	1185.248085	99.905909	9	1811	0
MKL Double 
	 h 	 gm 	 fe 	 nb_cntr_point 	 eps 	 max_refin_loop 	 guess_M0 	 cnvgce_trace_Resdl 	 intgr_Gauss_Trapez_Zolot 	 cntr_ratio 	 Run_Q_M0 	 M0 	 Emin 	 Emax 	 Scaling_Emin 	 Found Emin 	 Found Emax 	 PSNR0 	 PSNR 	 MSE0 	 MSE	 Solver time  	 Totale time 	 EigenAnalysis % 	 #Iterations 	 Nh 	  info 
